52
101000101010101010101010100010100010101010101010001010001010101010001000101010101010101010100010001
101000101010101010101010100010100010101010101010001010001010101010001000101010101010101010100010001
101000101010101010101010100010100010101010101010001010001010101010001000101010101010101010100010001
101000101010101010101010100010100010101010101010001010001010101010001000101010101010101010100010001
101000101010101010101010100010100010101010101010001010001010101010001000101010101010101010100010001
101000101010101010101010100010100010101010101010001010001010101010001000101010101010101010100010001
101000101010101010101010100010100010101010101010001010001010101010001000101010101010101010100010001
101000101010101010101010100010100010101010101010001010001010101010001000101010101010101010100010001
101000101010101010101010100010100010101010101010001010001010101010001000101010101010101010100010001
101000101010101010101010100010100010101010101010001010001010101010001000101010101010101010100010001
101000101010101010101010100010100010101010101010001010001010101010001000101010101010101010100010001
101000101010101010101010100010100010101010101010001010001010101010001000101010101010101010100010001
101000101010101010101010100010100010101010101010001010001010101010001000101010101010101010100010001
101000101010101010101010100010100010101010101010001010001010101010001000101010101010101010100010001
101000101010101010101010100010100010101010101010001010001010101010001000101010101010101010100010001
101000101010101010101010100010100010101010101010001010001010101010001000101010101010101010100010001
101000101010101010101010100010100010101010101010001010001010101010001000101010101010101010100010001
101000101010101010101010100010100010101010101010001010001010101010001000101010101010101010100010001
101000101010101010101010100010100010101010101010001010001010101010001000101010101010101010100010001
101000101010101010101010100010100010101010101010001010001010101010001000101010101010101010100010001
101000101010101010101010100010100010101010101010001010001010101010001000101010101010101010100010001
101000101010101010101010100010100010101010101010001010001010101010001000101010101010101010100010001
101000101010101010101010100010100010101010101010001010001010101010001000101010101010101010100010001
101000101010101010101010100010100010101010101010001010001010101010001000101010101010101010100010001
101000101010101010101010100010100010101010101010001010001010101010001000101010101010101010100010001
101000101010101010101010100010100010101010101010001010001010101010001000101010101010101010100010001
101000101010101010101010100010100010101010101010001010001010101010001000101010101010101010100010001
101000101010101010101010100010100010101010101010001010001010101010001000101010101010101010100010001
101000101010101010101010100010100010101010101010001010001010101010001000101010101010101010100010001
101000101010101010101010100010100010101010101010001010001010101010001000101010101010101010100010001
101000101010101010101010100010100010101010101010001010001010101010001000101010101010101010100010001
101000101010101010101010100010100010101010101010001010001010101010001000101010101010101010100010001
101000101010101010101010100010100010101010101010001010001010101010001000101010101010101010100010001
101000101010101010101010100010100010101010101010001010001010101010001000101010101010101010100010001
101000101010101010101010100010100010101010101010001010001010101010001000101010101010101010100010001
101000101010101010101010100010100010101010101010001010001010101010001000101010101010101010100010001
101000101010101010101010100010100010101010101010001010001010101010001000101010101010101010100010001
101000101010101010101010100010100010101010101010001010001010101010001000101010101010101010100010001
101000101010101010101010100010100010101010101010001010001010101010001000101010101010101010100010001
101000101010101010101010100010100010101010101010001010001010101010001000101010101010101010100010001
101000101010101010101010100010100010101010101010001010001010101010001000101010101010101010100010001
101000101010101010101010100010100010101010101010001010001010101010001000101010101010101010100010001
101000101010101010101010100010100010101010101010001010001010101010001000101010101010101010100010001
101000101010101010101010100010100010101010101010001010001010101010001000101010101010101010100010001
101000101010101010101010100010100010101010101010001010001010101010001000101010101010101010100010001
101000101010101010101010100010100010101010101010001010001010101010001000101010101010101010100010001
101000101010101010101010100010100010101010101010001010001010101010001000101010101010101010100010001
101000101010101010101010100010100010101010101010001010001010101010001000101010101010101010100010001
101000101010101010101010100010100010101010101010001010001010101010001000101010101010101010100010001
101000101010101010101010100010100010101010101010001010001010101010001000101010101010101010100010001
101000101010101010101010100010100010101010101010001010001010101010001000101010101010101010100010001
101000101010101010101010100010100010101010101010001010001010101010001000101010101010101010100010001
101000101010101010101010100010100010101010101010001010001010101010001000101010101010101010100010001
101000101010101010101010100010100010101010101010001010001010101010001000101010101010101010100010001
101000101010101010101010100010100010101010101010001010001010101010001000101010101010101010100010001
101000101010101010101010100010100010101010101010001010001010101010001000101010101010101010100010001
101000101010101010101010100010100010101010101010001010001010101010001000101010101010101010100010001
101000101010101010101010100010100010101010101010001010001010101010001000101010101010101010100010001
101000101010101010101010100010100010101010101010001010001010101010001000101010101010101010100010001
101000101010101010101010100010100010101010101010001010001010101010001000101010101010101010100010001
101000101010101010101010100010101010101010101010001010101010101010001000101010101010101010100010001
101000101010101010101010100010101010101010101010001010101010101010001000101010101010101010100010001
101000101010101010101010100010101010101010101010001010101010101010001000101010101010101010100010001
101000101010101010101010100010101010101010101010001010101010101010001000101010101010101010100010001
101000101010101010101010100010101010101010101010001010101010101010001000101010101010101010100010001
101000101010101010101010100010101010101010101010001010101010101010001000101010101010101010100010001
101000101010101010101010100010101010101010101010001010101010101010001000101010101010101010100010001
101000101010101010101010100010101010101010101010001010101010101010001000101010101010101010100010001
101000101010101010101010100010101010101010101010001010101010101010001000101010101010101010100010001
101000101010101010101010100010101010101010101010001010101010101010001000101010101010101010100010001
101000101010101010101010100010101010101010101010001010101010101010001000101010101010101010100010001
101000101010101010101010100010101010101010101010001010101010101010001000101010101010101010100010001
101000101010101010101010100010101010101010101010001010101010101010001000101010101010101010100010001
101000101010101010101010100010101010101010101010001010101010101010001000101010101010101010100010001
101000101010101010101010100010101010101010101010001010101010101010001000101010101010101010100010001
101000101010101010101010100010101010101010101010001010101010101010001000101010101010101010100010001
101000101010101010101010100010101010101010101010001010101010101010001000101010101010101010100010001
101000101010101010101010100010101010101010101010001010101010101010001000101010101010101010100010001
101000101010101010101010100010101010101010101010001010101010101010001000101010101010101010100010001
101000101010101010101010100010101010101010101010001010101010101010001000101010101010101010100010001
101000101010101010101010100010101010101010101010001010101010101010001000101010101010101010100010001
101000101010101010101010100010101010101010101010001010101010101010001000101010101010101010100010001
101000101010101010101010100010101010101010101010001010101010101010001000101010101010101010100010001
101000101010101010101010100010101010101010101010001010101010101010001000101010101010101010100010001
101000101010101010101010100010101010101010101010001010101010101010001000101010101010101010100010001
101000101010101010101010100010101010101010101010001010101010101010001000101010101010101010100010001
101000101010101010101010100010101010101010101010001010101010101010001000101010101010101010100010001
101000101010101010101010100010101010101010101010001010101010101010001000101010101010101010100010001
101000101010101010101010100010101010101010101010001010101010101010001000101010101010101010100010001
101000101010101010101010100010101010101010101010001010101010101010001000101010101010101010100010001
101000101010101010101010100010101010101010101010001010101010101010001000101010101010101010100010001
101000101010101010101010100010101010101010101010001010101010101010001000101010101010101010100010001
101000101010101010101010100010101010101010101010001010101010101010001000101010101010101010100010001
101000101010101010101010100010101010101010101010001010101010101010001000101010101010101010100010001
101000101010101010101010100010101010101010101010001010101010101010001000101010101010101010100010001
101000101010101010101010100010101010101010101010001010101010101010001000101010101010101010100010001
101000101010101010101010100010101010101010101010001010101010101010001000101010101010101010100010001
101000101010101010101010100010101010101010101010001010101010101010001000101010101010101010100010001
101000101010101010101010100010101010101010101010001010101010101010001000101010101010101010100010001
101000101010101010101010100010101010101010101010001010101010101010001000101010101010101010100010001
101000101010101010101010100010101010101010101010001010101010101010001000101010101010101010100010001
101000101010101010101010100010101010101010101010001010101010101010001000101010101010101010100010001
101000101010101010101010100010101010101010101010001010101010101010001000101010101010101010100010001
101000101010101010101010100010101010101010101010001010101010101010001000101010101010101010100010001
101000101010101010101010100010101010101010101010001010101010101010001000101010101010101010100010001
101000101010101010101010100010101010101010101010001010101010101010001000101010101010101010100010001
101000101010101010101010100010101010101010101010001010101010101010001000101010101010101010100010001
101000101010101010101010100010101010101010101010001010101010101010001000101010101010101010100010001
101000101010101010101010100010101010101010101010001010101010101010001000101010101010101010100010001
101000101010101010101010100010101010101010101010001010101010101010001000101010101010101010100010001
101000101010101010101010100010101010101010101010001010101010101010001000101010101010101010100010001
101000101010101010101010100010101010101010101010001010101010101010001000101010101010101010100010001
101000101010101010101010100010101010101010101010001010101010101010001000101010101010101010100010001
101000101010101010101010100010101010101010101010001010101010101010001000101010101010101010100010001
101000101010101010101010100010101010101010101010001010101010101010001000101010101010101010100010001
101000101010101010101010100010101010101010101010001010101010101010001000101010101010101010100010001
101000101010101010101010100010101010101010101010001010101010101010001000101010101010101010100010001
101000101010101010101010100010101010101010101010001010101010101010001000101010101010101010100010001
101000101010101010101010100010101010101010101010001010101010101010001000101010101010101010100010001
101000101010101010101010100010101010101010101010001010101010101010001000101010101010101010100010001
101000101000101010101010100010100010101010101010001010001010101010100000101000101010101010100010000
101000101000101010101010100010100010101010101010001010001010101010100000101000101010101010100010000
101000101000101010101010100010100010101010101010001010001010101010100000101000101010101010100010000
101000101000101010101010100010100010101010101010001010001010101010100000101000101010101010100010000
101000101000101010101010100010100010101010101010001010001010101010100000101000101010101010100010000
101000101000101010101010100010100010101010101010001010001010101010100000101000101010101010100010000
001010100000101010100000101010000010101010000010101010001010101010001010101000101010101000101010100
001010100000101010100000101010000010101010000010101010001010101010001010101000101010101000101010100
001010100000101010100000101010000010101010000010101010001010101010001010101000101010101000101010100
001010100000101010100000101010000010101010000010101010001010101010001010101000101010101000101010100
001010100000101010100000101010000010101010000010101010001010101010001010101000101010101000101010100
001010100000101010100000101010000010101010000010101010001010101010001010101000101010101000101010100
001010100000101010100000101010000010101010000010101010001010101010001010101000101010101000101010100
001010100000101010100000101010000010101010000010101010001010101010001010101000101010101000101010100
001010100000101010100000101010000010101010000010101010001010101010001010101000101010101000101010100
001010100000101010100000101010000010101010000010101010001010101010001010101000101010101000101010100
001010100000101010100000101010000010101010000010101010001010101010001010101000101010101000101010100
001010100000101010100000101010000010101010000010101010001010101010001010101000101010101000101010100
001010100000101010100000101010000010101010000010101010001010101010001010101000101010101000101010100
001010100000101010100000101010000010101010000010101010001010101010001010101000101010101000101010100
001010100000101010100000101010000010101010000010101010001010101010001010101000101010101000101010100
001010100000101010100000101010000010101010000010101010001010101010001010101000101010101000101010100
001010100000101010100000101010000010101010000010101010001010101010001010101000101010101000101010100
001010100000101010100000101010000010101010000010101010001010101010001010101000101010101000101010100
001010100000101010100000101010000010101010000010101010001010101010001010101000101010101000101010100
001010100000101010100000101010000010101010000010101010001010101010001010101000101010101000101010100
001010100000101010100000101010000010101010000010101010001010101010001010101000101010101000101010100
001010100000101010100000101010000010101010000010101010001010101010001010101000101010101000101010100
001010100000101010100000101010000010101010000010101010001010101010001010101000101010101000101010100
001010100000101010100000101010000010101010000010101010001010101010001010101000101010101000101010100
001010100000101010100000101010000010101010000010101010001010101010001010101000101010101000101010100
001010100000101010100000101010000010101010000010101010001010101010001010101000101010101000101010100
001010100000101010100000101010000010101010000010101010001010101010001010101000101010101000101010100
001010100000101010100000101010000010101010000010101010001010101010001010101000101010101000101010100
001010100000101010100000101010000010101010000010101010001010101010001010101000101010101000101010100
001010100000101010100000101010000010101010000010101010001010101010001010101000101010101000101010100
001010100000101010100000101010000010101010000010101010001010101010001010101000101010101000101010100
001010100000101010100000101010000010101010000010101010001010101010001010101000101010101000101010100
001010100000101010100000101010000010101010000010101010001010101010001010101000101010101000101010100
001010100000101010100000101010000010101010000010101010001010101010001010101000101010101000101010100
001010100000101010100000101010000010101010000010101010001010101010001010101000101010101000101010100
001010100000101010100000101010000010101010000010101010001010101010001010101000101010101000101010100
001010100000101010100000101010000010101010000010101010001010101010001010101000101010101000101010100
001010100000101010100000101010000010101010000010101010001010101010001010101000101010101000101010100
001010100000101010100000101010000010101010000010101010001010101010001010101000101010101000101010100
001010100000101010100000101010000010101010000010101010001010101010001010101000101010101000101010100
001010100000101010100000101010000010101010000010101010001010101010001010101000101010101000101010100
001010100000101010100000101010000010101010000010101010001010101010001010101000101010101000101010100
001010100000101010100000101010000010101010000010101010001010101010001010101000101010101000101010100
001010100000101010100000101010000010101010000010101010001010101010001010101000101010101000101010100
001010100000101010100000101010000010101010000010101010001010101010001010101000101010101000101010100
001010100000101010100000101010000010101010000010101010001010101010001010101000101010101000101010100
001010100000101010100000101010000010101010000010101010001010101010001010101000101010101000101010100
001010100000101010100000101010000010101010000010101010001010101010001010101000101010101000101010100
001010100000101010100000101010000010101010000010101010001010101010001010101000101010101000101010100
001010100000101010100000101010000010101010000010101010001010101010001010101000101010101000101010100
001010100000101010100000101010000010101010000010101010001010101010001010101000101010101000101010100
001010100000101010100000101010000010101010000010101010001010101010001010101000101010101000101010100
001010100000101010100000101010000010101010000010101010001010101010001010101000101010101000101010100
001010100000101010100000101010000010101010000010101010001010101010001010101000101010101000101010100
001010100000101010100000101010000010101010000010101010001010101010001010101000101010101000101010100
001010100000101010100000101010000010101010000010101010001010101010001010101000101010101000101010100
001010100000101010100000101010000010101010000010101010001010101010001010101000101010101000101010100
001010100000101010100000101010000010101010000010101010001010101010001010101000101010101000101010100
001010100000101010100000101010000010101010000010101010001010101010001010101000101010101000101010100
001010100000101010100000101010000010101010000010101010001010101010001010101000101010101000101010100
001010100000101010100000101010000010101010000010101010001010101010001010101000101010101000101010100
001010100000101010100000101010000010101010000010101010001010101010001010101000101010101000101010100
001010100000101010100000101010000010101010000010101010001010101010001010101000101010101000101010100
001010100000101010100000101010000010101010000010101010001010101010001010101000101010101000101010100
001010100000101010100000101010000010101010000010101010001010101010001010101000101010101000101010100
001010100000101010100000101010000010101010000010101010001010101010001010101000101010101000101010100
001010100000101010100000101010000010101010000010101010001010101010001010101000101010101000101010100
001010100000101010100000101010000010101010000010101010001010101010001010101000101010101000101010100
001010100000101010100000101010000010101010000010101010001010101010001010101000101010101000101010100
001010100000101010100000101010000010101010000010101010001010101010001010101000101010101000101010100
001010100000101010100000101010000010101010000010101010001010101010001010101000101010101000101010100
001010100000101010100000101010000010101010000010101010001010101010001010101000101010101000101010100
001010100000101010100000101010000010101010000010101010001010101010001010101000101010101000101010100
001010100000101010100000101010000010101010000010101010001010101010001010101000101010101000101010100
001010100000101010100000101010000010101010000010101010001010101010001010101000101010101000101010100
001010100000101010100000101010000010101010000010101010001010101010001010101000101010101000101010100
001010100000101010100000101010000010101010000010101010001010101010001010101000101010101000101010100
011111111111010111111101011111111101011111110101111111110101111111010111111111010111111101011111111
011111111111010111111101011111111101011111110101111111110101111111010111111111010111111101011111111
011111111111010111111101011111111101011111110101111111110101111111010111111111010111111101011111111
011111111111010111111101011111111101011111110101111111110101111111010111111111010111111101011111111
011111111111010111111101011111111101011111110101111111110101111111010111111111010111111101011111111
011111111111010111111101011111111101011111110101111111110101111111010111111111010111111101011111111
011111111111010111111101011111111101011111110101111111110101111111010111111111010111111101011111111
011111111111010111111101011111111101011111110101111111110101111111010111111111010111111101011111111
011111111111010111111101011111111101011111110101111111110101111111010111111111010111111101011111111
011111111111010111111101011111111101011111110101111111110101111111010111111111010111111101011111111
011111111111010111111101011111111101011111110101111111110101111111010111111111010111111101011111111
011111111111010111111101011111111101011111110101111111110101111111010111111111010111111101011111111
011111111111010111111101011111111101011111110101111111110101111111010111111111010111111101011111111
011111111111010111111101011111111101011111110101111111110101111111010111111111010111111101011111111
011111111111010111111101011111111101011111110101111111110101111111010111111111010111111101011111111
011111111111010111111101011111111101011111110101111111110101111111010111111111010111111101011111111
011111111111010111111101011111111101011111110101111111110101111111010111111111010111111101011111111
011111111111010111111101011111111101011111110101111111110101111111010111111111010111111101011111111
011111111111010111111101011111111101011111110101111111110101111111010111111111010111111101011111111
011111111111010111111101011111111101011111110101111111110101111111010111111111010111111101011111111
011111111111010111111101011111111101011111110101111111110101111111010111111111010111111101011111111
011111111111010111111101011111111101011111110101111111110101111111010111111111010111111101011111111
011111111111010111111101011111111101011111110101111111110101111111010111111111010111111101011111111
011111111111010111111101011111111101011111110101111111110101111111010111111111010111111101011111111
011111111111010111111101011111111101011111110101111111110101111111010111111111010111111101011111111
011111111111010111111101011111111101011111110101111111110101111111010111111111010111111101011111111
011111111111010111111101011111111101011111110101111111110101111111010111111111010111111101011111111
011111111111010111111101011111111101011111110101111111110101111111010111111111010111111101011111111
011111111111010111111101011111111101011111110101111111110101111111010111111111010111111101011111111
011111111111010111111101011111111101011111110101111111110101111111010111111111010111111101011111111
011111111111010111111101011111111101011111110101111111110101111111010111111111010111111101011111111
011111111111010111111101011111111101011111110101111111110101111111010111111111010111111101011111111
011111111111010111111101011111111101011111110101111111110101111111010111111111010111111101011111111
011111111111010111111101011111111101011111110101111111110101111111010111111111010111111101011111111
011111111111010111111101011111111101011111110101111111110101111111010111111111010111111101011111111
011111111111010111111101011111111101011111110101111111110101111111010111111111010111111101011111111
011111111111010111111101011111111101011111110101111111110101111111010111111111010111111101011111111
011111111111010111111101011111111101011111110101111111110101111111010111111111010111111101011111111
011111111111010111111101011111111101011111110101111111110101111111010111111111010111111101011111111
011111111111010111111101011111111101011111110101111111110101111111010111111111010111111101011111111
011111111111010111111101011111111101011111110101111111110101111111010111111111010111111101011111111
011111111111010111111101011111111101011111110101111111110101111111010111111111010111111101011111111
011111111111010111111101011111111101011111110101111111110101111111010111111111010111111101011111111
011111111111010111111101011111111101011111110101111111110101111111010111111111010111111101011111111
011111111111010111111101011111111101011111110101111111110101111111010111111111010111111101011111111
011111111111010111111101011111111101011111110101111111110101111111010111111111010111111101011111111
011111111111010111111101011111111101011111110101111111110101111111010111111111010111111101011111111
011111111111010111111101011111111101011111110101111111110101111111010111111111010111111101011111111
011111111111010111111101011111111101011111110101111111110101111111010111111111010111111101011111111
011111111111010111111101011111111101011111110101111111110101111111010111111111010111111101011111111
011111111111010111111101011111111101011111110101111111110101111111010111111111010111111101011111111
011111111111010111111101011111111101011111110101111111110101111111010111111111010111111101011111111
011111111111010111111101011111111101011111110101111111110101111111010111111111010111111101011111111
011111111111010111111101011111111101011111110101111111110101111111010111111111010111111101011111111
011111111111010111111101011111111101011111110101111111110101111111010111111111010111111101011111111
010111111111010111111101011111111101011111110101111111110101111111010111111111010111111101011111111
010111111111010111111101011111111101011111110101111111110101111111010111111111010111111101011111111
011111111111010111111101011111111101011111110101111111110101111111010111111111010111111101011111111
011111111111010111111101011111111101011111110101111111110101111111010111111111010111111101011111111
010111111111010111111101011111111101011111110101111111110101111111010111111111010111111101011111111
010111111111010111111101011111111101011111110101111111110101111111010111111111010111111101011111111
010111111111010111111101011111111101011111110101111111110101111111010111111111010111111101011111111
010111111111010111111101011111111101011111110101111111110101111111010111111111010111111101011111111
010111111111010111111101011111111101011111110101111111110101111111010111111111010111111101011111111
010111111111010111111101011111111101011111110101111111110101111111010111111111010111111101011111111
011111111111010111111101011111111101011111110101111111110101111111010111111111010111111101011111111
011111111111010111111101011111111101011111110101111111110101111111010111111111010111111101011111111
011111111111010111111101011111111101011111110101111111110101111111010111111111010111111101011111111
011111111111010111111101011111111101011111110101111111110101111111010111111111010111111101011111111
011111111111010111111101011111111101011111110101111111110101111111010111111111010111111101011111111
011111111111010111111101011111111101011111110101111111110101111111010111111111010111111101011111111
011111111111010111111101011111111101011111110101111111110101111111010111111111010111111101011111111
011111111111010111111101011111111101011111110101111111110101111111010111111111010111111101011111111
011111111111010111111101011111111101011111110101111111110101111111010111111111010111111101011111111
011111111111010111111101011111111101011111110101111111110101111111010111111111010111111101011111111
011111111111010111111101011111111101011111110101111111110101111111010111111111010111111101011111111
011111111111010111111101011111111101011111110101111111110101111111010111111111010111111101011111111
011111111111010111111101011111111101011111110101111111110101111111010111111111010111111101011111111
011111111111010111111101011111111101011111110101111111110101111111010111111111010111111101011111111
011111111111010111111101011111111101011111110101111111110101111111010111111111010111111101011111111
011111111111010111111101011111111101011111110101111111110101111111010111111111010111111101011111111
011111111111010111111101011111111101011111110101111111110101111111010111111111010111111101011111111
011111111111010111111101011111111101011111110101111111110101111111010111111111010111111101011111111
011111111111010111111101011111111101011111110101111111110101111111010111111111010111111101011111111
011111111111010111111101011111111101011111110101111111110101111111010111111111010111111101011111111
011111111111010111111101011111111101011111110101111111110101111111010111111111010111111101011111111
011111111111010111111101011111111101011111110101111111110101111111010111111111010111111101011111111
011111111111010111111101011111111101011111110101111111110101111111010111111111010111111101011111111
011111111111010111111101011111111101011111110101111111110101111111010111111111010111111101011111111
011111111111010111111101011111111101011111110101111111110101111111010111111111010111111101011111111
011111111111010111111101011111111101011111110101111111110101111111010111111111010111111101011111111
011111111111010111111101011111111101011111110101111111110101111111010111111111010111111101011111111
011111111111010111111101011111111101011111110101111111110101111111010111111111010111111101011111111
011111111111010111111101011111111101011111110101111111110101111111010111111111010111111101011111111
011111111111010111111101011111111101011111110101111111110101111111010111111111010111111101011111111
011111111111010111111101011111111101011111110101111111110101111111010111111111010111111101011111111
011111111111010111111101011111111101011111110101111111110101111111010111111111010111111101011111111
011111111111010111111101011111111101011111110101111111110101111111010111111111010111111101011111111
011111111111010111111101011111111101011111110101111111110101111111010111111111010111111101011111111
011111111111010111111101011111111101011111110101111111110101111111010111111111010111111101011111111
011111111111010111111101011111111101011111110101111111110101111111010111111111010111111101011111111
011111111111010111111101011111111101011111110101111111110101111111010111111111010111111101011111111
011111111111010111111101011111111101011111110101111111110101111111010111111111010111111101011111111
011111111111010111111101011111111101011111110101111111110101111111010111111111010111111101011111111
011111111111010111111101011111111101011111110101111111110101111111010111111111010111111101011111111
011111111111010111111101011111111101011111110101111111110101111111010111111111010111111101011111111
011111111111010111111101011111111101011111110101111111110101111111010111111111010111111101011111111
011111111111010111111101011111111101011111110101111111110101111111010111111111010111111101011111111
011111111111010111111101011111111101011111110101111111110101111111010111111111010111111101011111111
011111111111010111111101011111111101011111110101111111110101111111010111111111010111111101011111111
011111111111010111111101011111111101011111110101111111110101111111010111111111010111111101011111111
011111111111010111111101011111111101011111110101111111110101111111010111111111010111111101011111111
011111111111010111111101011111111101011111110101111111110101111111010111111111010111111101011111111
011111111111010111111101011111111101011111110101111111110101111111010111111111010111111101011111111
011111111111010111111101011111111101011111110101111111110101111111010111111111010111111101011111111
011111111111010111111101011111111101011111110101111111110101111111010111111111010111111101011111111
011111111111010111111101011111111101011111110101111111110101111111010111111111010111111101011111111
011111111111010111111101011111111101011111110101111111110101111111010111111111010111111101011111111
011111111111010111111101011111111101011111110101111111110101111111010111111111010111111101011111111
011111111111010111111101011111111101011111110101111111110101111111010111111111010111111101011111111
011111111111010111111101011111111101011111110101111111110101111111010111111111010111111101011111111
011111111111010111111101011111111101011111110101111111110101111111010111111111010111111101011111111
011111111111010111111101011111111101011111110101111111110101111111010111111111010111111101011111111
011111111111010111111101011111111101011111110101111111110101111111010111111111010111111101011111111
011111111111010111111101011111111101011111110101111111110101111111010111111111010111111101011111111
011111111111010111111101011111111101011111110101111111110101111111010111111111010111111101011111111
011111111111010111111101011111111101011111110101111111110101111111010111111111010111111101011111111
011111111111010111111101011111111101011111110101111111110101111111010111111111010111111101011111111
011111111111010111111101011111111101011111110101111111110101111111010111111111010111111101011111111
011111111111010111111101011111111101011111110101111111110101111111010111111111010111111101011111111
011111111111010111111101011111111101011111110101111111110101111111010111111111010111111101011111111
011111111111010111111101011111111101011111110101111111110101111111010111111111010111111101011111111
011111111111010111111101011111111101011111110101111111110101111111010111111111010111111101011111111
011111111111010111111101011111111101011111110101111111110101111111010111111111010111111101011111111
011111111111010111111101011111111101011111110101111111110101111111010111111111010111111101011111111
011111111111010111111101011111111101011111110101111111110101111111010111111111010111111101011111111
011111111111010111111101011111111101011111110101111111110101111111010111111111010111111101011111111
011111111111010111111101011111111101011111110101111111110101111111010111111111010111111101011111111
011111111111010111111101011111111101011111110101111111110101111111010111111111010111111101011111111
011111111111010111111101011111111101011111110101111111110101111111010111111111010111111101011111111
011111111111010111111101011111111101011111110101111111110101111111010111111111010111111101011111111
011111111111010111111101011111111101011111110101111111110101111111010111111111010111111101011111111
011111111111010111111101011111111101011111110101111111110101111111010111111111010111111101011111111
001000101010101010001000100010101010101000100010001010101010101010001000101010101010101000100000101
001000101010101010001000100010101010101000100010001010101010101010001000101010101010101000100000101
001000101010101010001000100010101010101000100010001010101010101010001000101010101010101000100000101
001000101010101010001000100010101010101000100010001010101010101010001000101010101010101000100000101
001000101010101010001000100010101010101000100010001010101010101010001000101010101010101000100000101
001000101010101010001000100010101010101000100010001010101010101010001000101010101010101000100000101
001000101010101010001000100010101010101000100010001010101010101010001000101010101010101000100000101
001000101010101010001000100010101010101000100010001010101010101010001000101010101010101000100000101
001000101010101010001000100010101010101000100010001010101010101010001000101010101010101000100000101
001000101010101010001000100010101010101000100010001010101010101010001000101010101010101000100000101
001000101010101010001000100010101010101000100010001010101010101010001000101010101010101000101000101
001000101010101010001000100010101010101000100010001010101010101010001000101010101010101000101000101
001000101010101010001000100010101010101000100010001010101010101010001000101010101010101000101000101
001000101010101010001000100010101010101000100010001010101010101010001000101010101010101000101000101
001000101010101010001000100010101010101000100010001010101010101010001010101010101010101000101000101
001000101010101010001000100010101010101000100010001010101010101010001010101010101010101000101000101
001000101010101010001000100010101010101000100010001010101010101010001010101010101010101000101000101
001000101010101010001000100010101010101000100010001010101010101010001010101010101010101000101000101
001000101010101010001000100010101010101000100010001010101010101010001010101010101010101000101000101
001000101010101010001000100010101010101000100010001010101010101010001010101010101010101000101000101
001000101010101010001000100010101010101000100010001010101010101010001010101010101010101000101000101
001000101010101010001000100010101010101000100010001010101010101010001010101010101010101000101000101
001000101010101010001000100010101010101000100010001010101010101010001010101010101010101000101000101
001000101010101010001000100010101010101000100010001010101010101010001010101010101010101000101000101
001000101010101010001000100010101010101000100010001010101010101010001010101010101010101000101000101
001000101010101010001000100010101010101000100010001010101010101010001010101010101010101000101000101
001000101010101010001000100010101010101000100010001010101010101010001010101010101010101000101000101
001000101010101010001000100010101010101000100010001010101010101010001010101010101010101000101000101
001000101010101010001000100010101010101000100010001010101010101010001010101010101010101000101000101
001000101010100010001000100010101010001000100010001010101000101010001000101010100010101000100010101
001000101010100010001000100010101010001000100010001010101000101010001000101010100010101000100010101
001000101010100010001000100010101010001000100010001010101000101010001000101010100010101000100010101
001000101010100010001000100010101010001000100010001010101000101010001000101010100010101000100010101
001000101010100010001000100010101010001000100010001010101000101010001000101010100010101000100010101
001000101010100010001000100010101010001000100010001010101000101010001000101010100010101000100010101
001000101010100010001000100010101010001000100010001010101000101010001000101010100010101000100010101
001000101010100010001000100010101010001000100010001010101000101010001000101010100010101000100010101
001000101010100010001000100010101010001000100010001010101000101010001000101010100010101000100010101
001000101010100010001000100010101010001000100010001010101000101010001000101010100010101000100010101
001000101010100010001000100010101010001000100010001010101000101010001000101010100010101000100010101
001000101010100010001000100010101010001000100010001010101000101010001000101010100010101000100010101
001000101010100010001000100010101010001000100010001010101000101010001000101010100010101000100010101
001000101010100010001000100010101010001000100010001010101000101010001000101010100010101000100010101
001000101010100010001000100010101010001000100010001010101000101010001000101010100010101000100010101
001000101010100010001000100010101010001000100010001010101000101010001000101010100010101000100010101
001000101010100010001000100010101010001000100010001010101000101010001000101010100010101000100010101
001000101010100010001000100010101010001000100010001010101000101010001000101010100010101000100010101
001000101010100010001000100010101010001000100010001010101000101010001000101010100010101000100010101
001000101010100010001000100010101010001000100010001010101000101010001000101010100010101000100010101
001000101010100010001000100010101010001000100010001010101000101010001000101010101010101000100010101
001000101010100010001000100010101010001000100010001010101000101010001000101010101010101000100010101
001000101010100010001000100010101010001000100010001010101000101010001000101010101010101000100010101
001000101010100010001000100010101010001000100010001010101000101010001000101010101010101000100010101
001000101010100010001000100010101010001000100010001010101000101010001000101010101010101000100010101
001000101010100010001000100010101010001000100010001010101000101010001000101010101010101000100010101
001000101010100010001000100010101010001000100010001010101000101010001000101010101010101000100010101
001000101010100010001000100010101010001000100010001010101000101010001000101010101010101000100010101
001000101010100010001000100010101010001000100010001010101000101010001000101010101010101000100010101
001000101010100010001000100010101010001000100010001010101000101010001000101010101010101000100010101
001000101010100010001000100010101010001000100010001010101000101010001000101010101010101000100010101
001000101010100010001000100010101010001000100010001010101000101010001000101010100010101000100010101
001000101010100010001000100010101010001000100010001010101000101010001000101010100010101000100010101
001000101010100010001000100010101010001000100010001010101000101010001000101010100010101000100010101
001000101010100010001000100010101010001000100010001010101000101010001000101010100010101000100010101
001000101010100010001000100010101010001000100010001010101000101010001000101010100010101000100010101
001000101010100010001000100010101010001000100010001010101000101010001000101010100010101000100010101
001000101010100010001000100010101010001000100010001010101000101010001000101010100010101000100010101
001000101010100010001000100010101010001000100010001010101000101010001000101010100010101000100010101
001000101010100010001000100010101010001000100010001010101000101010001000101010100010101000100010101
001000101010100010001000100010101010001000100010001010101000101010001000101010100010101000100010101
001000101010100010001000100010101010001000100010001010101000101010001000101010100010101000100010101
001000101010100010001000100010101010001000100010001010101000101010001000101010100010101000100010101
001000101010100010001000100010101010001000100010001010101000101010001000101010100010101000100010101
001000101010100010001000100010101010001000100010001010101000101010001000101010100010101000100010101
001000101010100010001000100010101010001000100010001010101000101010001000101010100010101000100010101
001000101010100010001000100010101010001000100010001010101000101010001000101010100010101000100010101
001000101010100010001000100010101010001000100010001010101000101010001000101010100010101000100010101
001000101010100010001000100010101010001000100010001010101000101010001000101010100010101000100010101
001000101010100010001000100010101010001000100010001010101000101010001000101010100010101000100010101
001000101010100010001000100010101010001000100010001010101000101010001000101010100010101000100010101
001000101010100010001000100010101010001000100010001010101000101010001000101010100010101000100010101
001000101010100010001000100010101010001000100010001010101000101010001000101010100010101000100010101
001000101010100010001000100010101010001000100010001010101000101010001000101010100010101000100010101
001000101010100010001000100010101010001000100010001010101000101010001000101010100010101000100010101
001000101010100010001000100010101010001000100010001010101000101010001000101010101010101000100010101
001000101010100010001000100010101010001000100010001010101000101010001000101010101010101000100010101
001000101010100010001000100010101010001000100010001010101000101010001000101010101010101000100010101
001000101010100010001000100010101010001000100010001010101000101010001000101010101010101000100010101
001000101010100010001000100010101010001000100010001010101000101010001000101010101010101000100010101
001000101010100010001000100010101010001000100010001010101000101010001000101010101010101000100010101
001000101010100010001000100010101010001000100010001010101000101010001000101010101010101000100010101
001000101010100010001000100010101010001000100010001010101000101010001000101010101010101000100010101
001000101010100010001000100010101010001000100010001010101000101010001000101010101010101000100010101
001000101010100010001000100010101010001000100010001010101000101010001000101010101010101000100010101
001000101010100010001000100010101010001000100010001010101000101010001000101010101010101000100010101
001000101010100010001000100010101010001000100010001010101000101010001000101010101010101000100010101
001000101010100010001000100010101010001000100010001010101000101010001000101010101010101000100010101
001000101010100010001000100010101010001000100010001010101000101010001000101010101010101000100010101
001000101010100010001000100010101010001000100010001010101000101010001000101010101010101000100010101
001000101010100010001000100010101010001000100010001010101000101010001000101010101010101000100010101
001000101010100010001000100010101010001000100010001010101000101010001000101010101010101000100010101
001000101010100010001000100010101010001000100010001010101000101010001000101010101010101000100010101
001000101010100010001000100010101010001000100010001010101000101010001000101010101010101000100010101
001000101010100010001000100010101010001000100010001010101000101010001000101010101010101000100010101
001000101010100010000000100010101010101000100010001010101010101010001000101010101010101000100010101
001000101010100010000000100010101010101000100010001010101010101010001000101010101010101000100010101
001000101010100010000000100010101010101000100010001010101010101010001000101010101010101000100010101
001000101010100010000000100010101010101000100010001010101010101010001000101010101010101000100010101
001000101010100010000000100010101010101000100010001010101010101010001000101010101010101000100010101
001000101010100010000000100010101010101000100010001010101010101010001000101010101010101000100010101
001000101010100010000000100010101010101000100010001010101010101010001000101010101010101000100010101
001000101010100010000000100010101010101000100010001010101010101010001000101010101010101000100010101
001000101010100010000000100010101010101000100010001010101010101010001000101010101010101000100010101
001000101010100010000000100010101010101000100010001010101010101010001000101010101010101000100010101
001000101010100010000000100010101010101000100010001010101010101010001000101010101010101000100010101
001000101010100010000000100010101010101000100010001010101010101010001000101010101010101000100010101
001000101010100010000000100010101010101000100010001010101010101010001000101010101010101000100010101
001000101010100010000000100010101010101000100010001010101010101010001000101010101010101000100010101
001000101010100010000000100010101010101000100010001010101010101010001000101010101010101000100010101
001000101010100010000000100010101010001000100010001010101010101010001000101010101010101000100010101
001000101010100010000000100010101010001000100010001010101010101010001000101010101010101000100010101
001000101010100010000000100010101010001000100010001010101010101010001000101010101010101000100010101
001000101010100010000000100010101010001000100010001010101010101010001000101010101010101000100010101
001000101010100010000000100010101010001000100010001010101010101010001000101010101010101000100010101
001000101010100010000000100010101010001000100010001010101010101010001000101010101010101000100010101
001000101010100010000000100010101010001000100010001010101010101010001000101010101010101000100010101
001000101010100010000000100010101010101000100010001010101010101010001000101010101010101000100010101
001000101010100010000000100010101010101000100010001010101010101010001000101010101010101000100010101
001000101010100010000000100010101010101000100010001010101010101010001000101010101010101000100010101
001000101010100010000000100010101010101000100010001010101010101010001000101010101010101000100010101
001000101010100010000000100010101010101000100010001010101010101010001000101010101010101000100010101
001000101010100010000000100010101010101000100010001010101010101010001000101010101010101000100010101
001000101010100010000000100010101010101000100010001010101010101010001000101010101010101000100010101
001000101010100010000000100010101010101000100010001010101010101010001000101010101010101000100010101
001000101010100010000000100010101010001000100010001010101010101010001000101010101010101000100010101
001000101010100010000000100010101010001000100010001010101010101010001000101010101010101000100010101
001000101010100010000000100010101010001000100010001010101010101010001000101010101010101000100010101
001000101010100010000000100010101010001000100010001010101010101010001000101010101010101000100010101
001000101010100010000000100010101010001000100010001010101010101010001000101010101010101000100010101
001000101010100010000000100010101010001000100010001010101010101010001000101010101010101000100010101
001000101010100010000000100010101010001000100010001010101010101010001000101010101010101000100010101
001000101010100010000000100010101010001000100010001010101010101010001000101010101010101000100010101
001000101010100010000000100010101010001000100010001010101010101010001000101010101010101000100010101
001000101010100010000000100010101010001000100010001010101010101010001000101010101010101000100010101
001000101010100010000000100010101010001000100010001010101010101010001000101010101010101000100010101
001000101010100010000000100010101010001000100010001010101010101010001000101010101010101000100010101
001000101010100010000000100010101010001000100010001010101010101010001000101010101010101000100010101
001000101010100010000000100010101010001000100010001010101010101010001000101010101010101000100010101
001000101010100010000000100010101010001000100010001010101010101010001000101010101010101000100010101
001000101010100010000000100010101010001000100010001010101010101010001000101010101010101000100010101
001000101010100010000000100010101010001000100010001010101010101010001000101010101010101000100010101
001000101010100010000000100010101010001000100010001010101010101010001000101010101010101000100010101
001000101010100010000000100010101010001000100010001010101010101010001000101010101010101000100010101
001000101010100010000000100010101010001000100010001010101010101010001000101010101010101000100010101
001000101010100010000000100010101010001000100010001010101010101010001000101010101010101000100010101
001000101010100010000000100010101010001000100010001010101010101010001000101010101010101000100010101
001000101010100010000000100010101010001000100010001010101010101010001000101010101010101000100010101
001000101010100010000000100010101010001000100010001010101010101010001000101010101010101000100010101
001000101010100010000000100010101010001000100010001010101010101010001000101010101010101000100010101
001000101010100010000000100010101010001000100010001010101010101010001000101010101010101000100010101
001000101010100010000000100010101010001000100010001010101010101010001000101010101010101000100010101
001000101010100010000000100010101010001000100010001010101010101010001000101010101010101000100010101
001000101010100010000000100010101010001000100010001010101010101010001000101010101010101000100010101
001000101010100010000000100010101010001000100010001010101010101010001000101010101010101000100010101
001000101010101010000000100010101010101000100010101010101010101010001010101010101010101000101010101
001000101010101010000000100010101010101000100010101010101010101010001010101010101010101000101010101
001000101010101010000000100010101010101000100010101010101010101010001010101010101010101000101010101
001000101010101010000000100010101010101000100010101010101010101010001010101010101010101000101010101
001000101010101010000000100010101010101000100010101010101010101010001010101010101010101000101010101
001000101010101010000000100010101010101000100010101010101010101010001010101010101010101000101010101
001000101010101010000000100010101010101000100010101010101010101010001010101010101010101000101010101
001000101010101010000000100010101010101000100010101010101010101010001010101010101010101000101010101
001000101010101010000000100010101010101000100010101010101010101010001010101010101010101000101010101
001000101010101010000000100010101010101000100010101010101010101010001010101010101010101000101010101
001000101010101010000000100010101010101000100010101010101010101010001010101010101010101000101010101
001000101010101010000000100010101010101000100010101010101010101010001010101010101010101000101010101
001000101010101010000000100010101010101000100010101010101010101010001010101010101010101000101010101
001000101010101010000000100010101010101000100010101010101010101010001010101010101010101000101010101
001000101010101010000000100010101010101000100010101010101010101010001010101010101010101000101010101
001000101010101010000000100010101010101000100010101010101010101010001010101010101010101000101010101
001000101010101010000000100010101010101000100010101010101010101010001010101010101010101000101010101
001000101010101010000000100010101010101000100010101010101010101010001010101010101010101000101010101
001000101010101010000000100010101010101000100010101010101010101010001010101010101010101000101010101
001000101010101010000000100010101010101000100010101010101010101010001010101010101010101000101010101
001000101010101010000000100010101010101000100010101010101010101010001010101010101010101000101010101
001000101010101010000000100010101010101000100010101010101010101010001010101010101010101000101010101
001000101010101010000000100010101010101000100010101010101010101010001010101010101010101000101010101
001000101010101010000000100010101010101000100010101010101010101010001010101010101010101000101010101
001000101010101010000000100010101010101000100010101010101010101010001010101010101010101000101010101
001000101010101010000000100010101010101000100010101010101010101010001010101010101010101000101010101
001000101010101010000000100010101010101000100010101010101010101010001010101010101010101000101010101
001000101010101010000000100010101010101000100010101010101010101010001010101010101010101000101010101
001000101010101010000000100010101010101000100010101010101010101010001010101010101010101000101010101
001000101010101010000000100010101010101000100010101010101010101010001010101010101010101000101010101
001000101010100010001000100010101010001000100010001010101000101010001000101010101010101000100010101
001000101010100010001000100010101010001000100010001010101000101010001000101010101010101000100010101
001000101010100010001000100010101010001000100010001010101000101010001000101010101010101000100010101
001000101010100010001000100010101010001000100010001010101000101010001000101010101010101000100010101
001000101010100010001000100010101010001000100010001010101000101010001000101010101010101000100010101
001000101010100010001000100010101010001000100010001010101000101010001000101010101010101000100010101
001000101010100010001000100010101010001000100010001010101000101010001000101010101010101000100010101
001000101010100010001000100010101010001000100010001010101000101010001000101010101010101000100010101
001000101010100010001000100010101010101000100010001010101010101010001000101010101010101000100010101
001000101010100010001000100010101010101000100010001010101010101010001000101010101010101000100010101
001000101010100010001000100010101010101000100010001010101010101010001000101010101010101000100010101
001000101010100010001000100010101010101000100010001010101010101010001000101010101010101000100010101
001000101010100010001000100010101010101000100010001010101010101010001000101010101010101000100010101
001000101010100010001000100010101010101000100010001010101010101010001000101010101010101000100010101
001000101010100010001000100010101010101000100010001010101010101010001000101010101010101000101010101
001000101010100010001000100010101010101000100010001010101010101010001000101010101010101000101010101
001000101010100010001000100010101010101000100010001010101010101010001000101010101010101000101010101
001000101010100010001000100010101010101000100010001010101010101010001000101010101010101000101010101
001000101010100010001000100010101010101000100010001010101010101010001000101010101010101000101010101
001000101010100010001000100010101010101000100010001010101010101010001000101010101010101000101010101
001000101010100010001000100010101010101000100010001010101010101010001000101010101010101000101010101
001000101010100010001000100010101010101000100010001010101010101010001000101010101010101000100010101
001000101010100010001000100010101010101000100010001010101010101010001000101010101010101000100010101
001000101010100010001000100010101010101000100010001010101010101010001000101010101010101000100010101
001000101010100010001000100010101010101000100010001010101010101010001000101010101010101000100010101
001000101010100010001000100010101010101000100010001010101010101010001000101010101010101000100010101
001000101010100010001000100010101010101000100010001010101010101010001000101010101010101000100010101
001000101010100010001000100010101010101000100010001010101010101010001000101010101010101000100010101
001000101010100010001000100010101010101000100010001010101010101010001000101010101010101000100010101
101000001010100000101010100000101010000010101010000010001000001010101000001000101000101010100000101
101000001010100000101010100000101010000010101010000010001000001010101000001000101000101010100000101
101000001010100000101010100000101010000010101010000010001000001010101000001000101000101010100000101
101000001010100000101010100000101010000010101010000010001000001010101000001000101000101010100000101
101000001010100000101010100000101010000010101010000010001000001010101000001000101000101010100000101
101000001010100000101010100000101010000010101010000010001000001010101000001000101000101010100000101
101000001010100000101010100000101010000010101010000010001000001010101000001000101000101010100000101
101000001010100000101010100000101010000010101010000010001000001010101000001000101000101010100000101
101000001010100000101010100000101010000010101010000010001000001010101000001000101000101010100000101
101000001010100000101010100000101010000010101010000010001000001010101000001000101000101010100000101
101000001010100000101010100000101010000010101010000010001000001010101000001000101000101010100000101
101000001010100000101010100000101010000010101010000010001000001010101000001000101000101010100000101
101000001010100000101010100000101010000010101010000010001000001010101000001000101000101010100000101
101000001010100000101010100000101010000010101010000010001000001010101000001000101000101010100000101
101000001010100000101010100000101010000010101010000010001000001010101000001000101000101010100000101
101000001010100000101010100000101010000010101010000010001000001010101000001000101000101010100000101
101000001010100000101010100000101010000010101010000010001000001010101000001000101000101010100000101
101000001010100000101010100000101010000010101010000010001000001010101000001000101000101010100000101
101000001010100000101010100000101010000010101010000010001000001010101000001000101000101010100000101
101000001010100000101010100000101010000010101010000010001000001010101000001000101000101010100000101
101000001010100000101010100000101010000010101010000010001000001010101000001000101000101010100000101
101000001010100000101010100000101010000010101010000010001000001010101000001000101000101010100000101
101000001010100000101010100000101010000010101010000010001000001010101000001000101000101010100000101
101000001010100000101010100000101010000010101010000010001000001010101000001000101000101010100000101
101000001010100000101010100000101010000010101010000010001000001010101000001000101000101010100000101
101000001010100000101010100000101010000010101010000010001000001010101000001000101000101010100000101
101000001010100000101010100000101010000010101010000010001000001010101000001000101000101010100000101
101000001010100000101010100000101010000010101010000010001000001010101000001000101000101010100000101
101000001010100000101010100000101010000010101010000010001000001010101000001000101000101010100000101
101000001010100000101010100000101010000010101010000010001000001010101000001000101000101010100000101
101000001010100000101010100000101010000010101010000010001000001010101000001000101000101010100000101
0.9805575498586172 0.03949781810976979 0.19221553990204043 
0.9803861163147223 0.03948441728915258 0.19309076551889218 
0.9804802274044708 0.03970490330350706 0.19256698658528265 
0.9805726384487433 0.04051517942388584 0.19192660305940015 
0.980490968061481 0.040600436589488545 0.19232541719336732 
0.9802956544319774 0.04054173893697227 0.19333079761317767 
0.980352796099967 0.040644451651071146 0.19301923150028422 
0.9801727378565402 0.04133453518253184 0.19378560360372019 
0.9805703066553196 0.04300137207312922 0.19139685395983103 
0.9805718369149752 0.04401216448741481 0.19115910134315858 
0.980701631287385 0.044806306492316074 0.19030687136511548 
0.9807740225345773 0.04496763155036881 0.1898953101951041 
0.980757158382007 0.04494562364266996 0.1899875974842103 
0.9808298115551415 0.04479840875324269 0.18964699664872875 
0.9808572354777516 0.04444878231806884 0.18958741878453736 
0.9808401477274588 0.04419256804577501 0.18973566226594402 
0.9807800134979473 0.043634952042602995 0.1901750669336182 
0.9806550805839559 0.04263144857329236 0.19104494894505195 
0.9810686374107359 0.04194246273885639 0.18906390059564884 
0.9811538699231216 0.041475381891624204 0.18872433926716006 
0.9809225796756594 0.04149712101767191 0.1899180918967284 
0.9810672062844167 0.04140220024328082 0.18919036595002656 
0.9813965510586712 0.041206360083373264 0.18751758706538543 
0.9815539938897149 0.04150167510452999 0.18662627907845 
0.9815460564603713 0.041049356218234766 0.1867680095764846 
0.9814666973688126 0.04145344456829653 0.18709552076246702 
0.9812912579479404 0.04201966754170561 0.1878877713280814 
0.9811261375309949 0.04198302745094493 0.18875626521936803 
0.981119557485503 0.04207001258473546 0.18877109937850894 
0.9806141516590986 0.04271144975093998 0.19123707178807967 
0.9806016584697782 0.043045952524514444 0.19122613152385215 
0.9803521112376111 0.04331768870059853 0.1924404215272782 
0.9802450666940272 0.04388924087726855 0.192855758942374 
0.9804201773972817 0.0439613717353653 0.19194705923099728 
0.9804834216316212 0.04455651903799243 0.19148623061924192 
0.9805629245581431 0.045075076426303234 0.19095703303922712 
0.9806644903729743 0.045343029072438486 0.19037112973360917 
0.9807927551627749 0.04510039799690911 0.18976702959348224 
0.9807867114673322 0.045311177909725 0.18974805339061915 
0.9803980633210925 0.04559544054748558 0.19167861966722202 
0.9802373833968134 0.04568271572206091 0.19247795114149052 
0.980158023003542 0.04579424857861898 0.19285522222358287 
0.9801414039154824 0.04569785312827658 0.1929625211020361 
0.9799096502538456 0.04563511164959404 0.1941507505113364 
0.979542444799044 0.04565480183221477 0.19599040258842595 
0.9795902068659992 0.0452383460824982 0.19584820309604295 
0.9794717338301766 0.0453679992817805 0.19640994697029984 
0.9792900028912236 0.0454824917329368 0.19728769141299857 
0.9792978585614049 0.0456922882707866 0.1972002003285637 
0.9792319389873064 0.045950681555572984 0.1974673252255634 
0.9793366586909747 0.04552503427497275 0.19704613723252704 
0.9794734629951168 0.04588871736079484 0.1962803120726435 
0.9794421181126328 0.0458315087014266 0.19645001928528924 
0.9792958764493445 0.045953291696711834 0.19714938841281515 
0.9792319389873064 0.045950681555572984 0.1974673252255634 
0.9788575195852897 0.045995266488618194 0.19930477117213002 
0.9784392346550809 0.04603324558604875 0.20133952515190381 
0.9782609271197056 0.04607224708706637 0.202195218833785 
0.9783355272827858 0.04607361461183876 0.20183363964640103 
0.9781131298308507 0.0459445564554949 0.20293792889601764 
0.9772696700985366 0.047317997075795676 0.20665187891290127 
0.9770843684446692 0.047332764726779594 0.20752288144780878 
0.9774442593733943 0.04727963576398801 0.20583332057764947 
0.977691198332444 0.04710537393409597 0.20469734841907103 
0.977901320622153 0.047136390222101 0.20368399014718622 
0.9782395823064689 0.04703540565916623 0.20207669391432265 
0.9785911141356375 0.04700671849536855 0.20037414940822265 
0.9788649474401874 0.04614336780498854 0.1992340439797699 
0.9794272786170707 0.04543678900273074 0.19661562528415807 
0.9796727618421385 0.04500272076328713 0.19548921921297394 
0.9796461143629515 0.044820961114167106 0.19566443738802755 
0.9798011794972474 0.04436422558596524 0.1949909334916889 
0.9797346546017209 0.04433710988031998 0.1953310709024732 
0.9796898392953235 0.04438097352621724 0.19554576950261182 
0.9796420694939857 0.04397965796959628 0.19587548433231297 
0.9794508161437802 0.043809840017244736 0.19686745965990995 
0.979745520968592 0.04375399092844949 0.1954080408269198 
0.9797807569817581 0.04407035350987523 0.19516011936296726 
0.9797838910703619 0.04488671043201768 0.19495822636045204 
0.9795124553961142 0.04554779296592967 0.19616510464353315 
0.9795958315285586 0.04598142218136831 0.19564691581021815 
0.9798494682368886 0.04590467961154504 0.19439079192607864 
0.9798695625648132 0.04616178087876738 0.19422855182784626 
0.9800953079192051 0.04663396488497365 0.1929726942182901 
0.9799451092630247 0.04670761908432677 0.19371623873839852 
0.9799361682012768 0.046783443488459794 0.19374316934116917 
0.9800991338182428 0.04672008810204322 0.19293242665883673 
0.9798545935720195 0.0469453442200557 0.19411622835783934 
0.9797796835305405 0.04695733842846136 0.19449107976590777 
0.9796773933879168 0.04689919329724197 0.19501966709212848 
0.9797376561834251 0.04700128630000911 0.19469207519145024 
0.9798344865208541 0.04692375494118602 0.19422291380430334 
0.9797376115599805 0.046902012048585295 0.19471623907763563 
0.9797275664007135 0.04699048748616805 0.19474544852280365 
0.9797618725816093 0.04677406500484888 0.19462492101038975 
0.9799177877811206 0.046674790692754 0.1938623044945622 
0.9800144260441739 0.046225619987744056 0.19348105024021658 
0.9799082049835285 0.046056552128020775 0.1940585061573909 
0.9799795798443844 0.046218754266061084 0.19365910730486516 
0.9800439194303154 0.04609707007802834 0.19336229238889027 
0.9801563620704398 0.046116375474366464 0.19278689220470488 
0.9801051837392212 0.046112126179040314 0.19304792313504854 
0.980052183215387 0.04609576136979567 0.19332071528548703 
0.9800765444670386 0.04602998018868941 0.19321285648056094 
0.9802681712549058 0.04593767564844957 0.192260350516117 
0.9804706436193769 0.04546031298442178 0.1913391673023669 
0.9801259314895137 0.045687911428608334 0.19304344892045672 
0.9800800323273396 0.04558371962056883 0.19330094345034676 
0.9797689205106943 0.0456817830962735 0.19484875440826852 
0.979794494182612 0.045603465776381844 0.1947384735449613 
0.9797604002411607 0.04558396770987857 0.1949144940919101 
0.979671558019633 0.045560518835217306 0.19536600914911098 
0.9796816902699464 0.04557135023991628 0.19531266673498596 
0.9796314645011668 0.045579096669210166 0.19556262348955694 
0.9796548195644567 0.045563100260962434 0.195449324375249 
0.9795269424206073 0.04560757817328619 0.19607885629333843 
0.9795618485196564 0.04555261301275502 0.19591718753714257 
0.9794383774778458 0.04570800799455527 0.1964974369520744 
0.9794185081160963 0.045611800101131035 0.1966187927212824 
0.9793893498271253 0.04562866802576167 0.19676007242170762 
0.9804635152516312 0.045078368348636925 0.19146601778759265 
0.980444942074113 0.04514306510003018 0.1915458671824153 
0.9804120177529227 0.04518531284053802 0.19170436340664085 
0.9803941342149582 0.04527464122873688 0.19177473362909794 
0.9803893019632861 0.04543610238434723 0.191761250507134 
0.9804318613686847 0.04544173542317805 0.19154219873141914 
0.9785926361833688 0.028366215623983948 0.20384261139138277 
0.9784767123531423 0.02854746795236746 0.20437310355351218 
0.978429837787153 0.02889337452267067 0.2045488338673636 
0.9783728052603606 0.02900848702746981 0.2048051796399435 
0.9784154495277396 0.028809271251122235 0.20462950426419518 
0.9782983444030776 0.029992851126426624 0.20501897038934083 
0.9782942452180287 0.029968788720650154 0.20504204806796264 
0.9783617585357486 0.029913465209737197 0.20472775589544137 
0.9784599753791413 0.029952978450913482 0.20425203955644877 
0.9784736258640615 0.029426429676061388 0.20426318494764595 
0.978393885829621 0.029494985665894615 0.20463491879877976 
0.9782920904365053 0.029834516024541673 0.2050719079809651 
0.9782741471212439 0.029677307460069545 0.2051802877864324 
0.9782686444408485 0.029714494215577848 0.205201140682446 
0.9781473173774693 0.029664770309655957 0.20578587636117265 
0.978154035831124 0.029651914023248942 0.20575579258441776 
0.9781788335225972 0.029588464403752433 0.2056470092721968 
0.9782037453509538 0.02902404831247754 0.20560894241477287 
0.978216784702184 0.02896178197627534 0.2055556793466911 
0.9782042441250539 0.028975144976223666 0.2056134668482065 
0.9782223336673531 0.029132275603933326 0.20550517373665822 
0.9782013772047471 0.029183075555965193 0.20559769876102904 
0.9781503699578519 0.02978676312030471 0.20575374235753888 
0.9781593559344145 0.029700322629706066 0.20572351648186163 
0.9781576955318263 0.030177485770918958 0.20566196056736596 
0.9780413099739147 0.030176329383098256 0.20621490035754403 
0.9780664583883611 0.030027095409988012 0.2061173852853944 
0.9780516193493023 0.030236545536514326 0.20615717596587757 
0.9780662940728422 0.03023514753870093 0.2060877489127618 
0.9779978624194973 0.03025390329571242 0.20640950181197537 
0.9779621766441148 0.03009814861040683 0.20660126452597333 
0.9780203511293772 0.030019217342522126 0.20633719821426325 
0.9780317804964751 0.029981427619780253 0.20628851237229542 
0.9780064315454512 0.02988592551814987 0.2064225067953013 
0.9779238366952795 0.029440962087511905 0.20687725678417643 
0.9779264394603056 0.029404027102292132 0.20687020615510782 
0.9778814463275 0.02891900385590498 0.20715107565354046 
0.9778229048730785 0.028875387637320008 0.20743331143856597 
0.9777600722228291 0.028807675965304848 0.20773867952859956 
0.9776012045709588 0.029470593237860315 0.20839234380278687 
0.9774775000467927 0.02942063470244767 0.2089788581555027 
0.9775248668443157 0.029379588598311683 0.20876296241143186 
0.9775628886471961 0.029302667596999378 0.20859566728829587 
0.9776674453179945 0.029244208387386686 0.20811329280269772 
0.9775935191616599 0.02928764445780778 0.20845418003780664 
0.977469744096583 0.029029480862839675 0.20906981756483792 
0.9774872854943201 0.02899118397985043 0.20899310502596063 
0.9775405778485675 0.02894969153376937 0.2087494527408115 
0.9774967433569658 0.028941375129870304 0.20895576932001222 
0.9774783349746676 0.028991985353622816 0.20903485221466508 
0.9774663974056726 0.02899305383865207 0.2090905181300309 
0.9774535812810209 0.02900644314689063 0.20914856608849375 
0.9774430209504475 0.028946174968709815 0.2092062612589396 
0.9774294660876846 0.02888617395545835 0.2092778721646387 
0.9778111130354867 0.029708354260965665 0.20737126346581278 
0.9778102388996224 0.029720675954395818 0.20737361964309078 
0.9777629106390219 0.029725066421309877 0.2075960283939867 
0.9779181389526527 0.02989421153038384 0.20683918783527708 
0.9779784421002112 0.029827372196045247 0.20656353660586516 
0.9778900783502855 0.029835640531934163 0.20698026287093607 
0.977874737629698 0.029555602927268845 0.20709288698855663 
0.9778688362630746 0.029556148773734765 0.20712067288217534 
0.9778431389586522 0.029546287732003924 0.20724336532865847 
0.9778401857100036 0.029546560529834693 0.20725726035891343 
0.9778780261008994 0.02959200613154813 0.20707215950513275 
0.9778650143502585 0.029568738350340462 0.2071369195052821 
0.9778627805462782 0.029434357334699793 0.20716660211191026 
0.9778061300551989 0.029488516323536156 0.20742613005962388 
0.9777883879984446 0.029490149548569478 0.2075095163480608 
0.9777678235918058 0.029614437783086783 0.20758869965230523 
0.9777077060542655 0.029632228453663353 0.20786912363065382 
0.9776771698143522 0.029647288122313285 0.20801055245056926 
0.9776804733685664 0.029683717576247635 0.20798982884907924 
0.9776855298961762 0.029695495604679573 0.20796437717173052 
0.9776872837955887 0.029670844193958382 0.20795965019498833 
0.9776991475755978 0.029669749016032816 0.20790402310507358 
0.9776991475755978 0.029669749016032816 0.20790402310507358 
0.9050290582185535 0.33606561008475694 0.2607341740133005 
0.9041944984643308 0.33680355112581295 0.2626702817143181 
0.9043486650788494 0.33700288763768294 0.2618826945293756 
0.9038150332861493 0.3373334568350896 0.2632955079480956 
0.9036826607337584 0.3371498262659678 0.2639841725141536 
0.9031860521292854 0.33750081584805125 0.2652322652714329 
0.9037012371234144 0.336874716655641 0.26427163922712504 
0.9019978058696942 0.33786039145798075 0.26879418537259603 
0.9024034789813159 0.3376855540217681 0.2676498229542276 
0.9023565759905537 0.3375544808546736 0.2679730998095443 
0.9018783134810447 0.3378917942027528 0.26915542551290156 
0.9016964609653157 0.33792587181166345 0.2697213329400403 
0.9008781527184019 0.3385559661585933 0.2716586308827703 
0.9011000009804184 0.33830552367677796 0.27123451270601734 
0.9010115400393639 0.3383208391159601 0.2715091426375297 
0.9000867740780242 0.3388439076882304 0.27391349976294677 
0.9000959013744056 0.3387969568423492 0.2739415820268248 
0.9000081388588189 0.33899550388098987 0.27398430308387833 
0.8993263992761847 0.3393537954478042 0.27577351047572046 
0.8989499801022454 0.33956313532685123 0.27674141432241617 
0.8985349948715222 0.33963333608311386 0.2780001079357488 
0.8981054402036481 0.3396946559442556 0.27931014840052804 
0.8970183966472939 0.3400333566932974 0.2823744188346508 
0.8962428563084832 0.34037843503221366 0.2844138946694279 
0.8961758186051233 0.34039495755571 0.2846052968904188 
0.8963644888404295 0.3407100097905226 0.28363249527227585 
0.8966213226116098 0.3404617759662495 0.28311831969004536 
0.8965447714310507 0.34054034099270447 0.2832662157339236 
0.8969605750095097 0.34050448404294564 0.28199011192816176 
0.897162347095995 0.3396652929658218 0.28236007456375256 
0.8975922819427681 0.33945019472456844 0.28125017457457185 
0.8988654579659586 0.3389059454898263 0.27781945321970275 
0.899643360875372 0.3385049643265837 0.27578290802572114 
0.9002156505886333 0.3382709895382781 0.27419795781894124 
0.899527865292787 0.3385178589764168 0.27614358351376606 
0.898678496192343 0.33879524297330066 0.2785583310908705 
0.8982860337360195 0.3388810022995864 0.27971747867310437 
0.8930978734169355 0.3454592873600169 0.2881563278410813 
0.8934612652200385 0.3450921505740031 0.2874689116471859 
0.8936923893973673 0.34517361848148326 0.28665150660274547 
0.8934728362112819 0.3460075641672618 0.2863303275791895 
0.8929004826275969 0.34625499822272604 0.2878127938941991 
0.8923798596798754 0.3466212821852193 0.2889842085201204 
0.8918771533106659 0.3469927735895576 0.2900881908645869 
0.8921475799300593 0.3465098727747144 0.28983375182091786 
0.8929192701523497 0.34577104617735094 0.28833584691469627 
0.8920866149692687 0.34582927364623356 0.2908325719069141 
0.8919849980090208 0.34594714309945246 0.29100401630935285 
0.8915248577041102 0.3462396549504571 0.2920642556620967 
0.8916464226530728 0.3461419846363337 0.29180881316711105 
0.8915103166394588 0.34611576998943694 0.29225541755462986 
0.8918399742516145 0.3449835860815642 0.2925880818850683 
0.8908611282231573 0.3456773189899107 0.2947433482827235 
0.8909078370694695 0.34526417109853735 0.295086221304621 
0.8913913367209108 0.3445428976574821 0.2944684643432873 
0.8918412341829747 0.3445187877684434 0.2931314003745604 
0.8916266527355167 0.3446862453620257 0.2935869622273576 
0.8917575133673599 0.34454130389560567 0.29335955287458904 
0.8920063088964597 0.344373112912931 0.29280010927520383 
0.8923988236720967 0.3439087865644043 0.2921490818613968 
0.8921431228272131 0.3442398955020986 0.2925398139344669 
0.8925170721662876 0.34387067076284816 0.2918325507561254 
0.8920475188427064 0.3440791347895801 0.2930200899751165 
0.8924736235347042 0.34362902971766807 0.29224975830636574 
0.8927809226712512 0.34392672796229157 0.29095812397563536 
0.8925722439727756 0.3440054673975628 0.2915047644378875 
0.8930268404732946 0.3437731528272703 0.29038436870720696 
0.8907602769604919 0.3446734772512119 0.2962200585187069 
0.8904726901706244 0.3454981444644633 0.2961239946912512 
0.8909284193876246 0.34526969125678914 0.29501761274017263 
0.8920817837335338 0.34393332825003864 0.2930869441814973 
0.8935363630960612 0.34279227463387346 0.2899762477797085 
0.8946587892239263 0.34081237170671447 0.2888469805208676 
0.8968183647252856 0.33825820337945434 0.28512840710453274 
0.8983377950014823 0.3355594622824452 0.2835296339795734 
0.9000827384543564 0.3322658565701486 0.28186958774265114 
0.9023744047114015 0.3289728285457868 0.27838338995049305 
0.9038387135021502 0.3259063839153505 0.27723745940618894 
0.9062283304022956 0.32316933446799434 0.27260189734442636 
0.9053904038243428 0.3301544760933581 0.26695737221195753 
0.9018628815420981 0.3376459593975509 0.26951539659004786 
0.8982663744226482 0.33947574404149955 0.2790586672889069 
0.8967625429523399 0.3401523434144177 0.28304297346398277 
0.8967089935853813 0.340421051590377 0.28288953401848316 
0.8964646578782776 0.3409361340241084 0.28304358267213503 
0.896519677403265 0.34076716087517334 0.28307279999643065 
0.896780644042582 0.3408033297283474 0.28220128794292054 
0.8969221332760253 0.3403648391513396 0.2822808231337485 
0.8973012448594758 0.3401304019174975 0.28135704303442727 
0.8965570364356562 0.34178116315478985 0.28172880032093295 
0.8971143595967076 0.3411620739508198 0.28070316190410904 
0.8967856264572538 0.341316393567886 0.28156466337501 
0.8967108792137317 0.3413657017654468 0.2817428912287238 
0.8966343493668478 0.3407138552129493 0.28277360626730913 
0.8962598031184515 0.3409450843753859 0.2836808325466062 
0.8966112656018538 0.34065289872687504 0.2829202025038496 
0.8966683137751501 0.34056902024707336 0.2828403746277702 
0.8982853294894195 0.34202802437637 0.27586282345630087 
0.8982539636676009 0.3422275961411619 0.27571740821878854 
0.8982659713368533 0.3424486657621375 0.27540362389770995 
0.89751692355791 0.3428379908169498 0.2773544374617822 
0.8976968044012414 0.34295044225562354 0.27663232190847037 
0.8976296685055123 0.34299694598548947 0.27679247327792583 
0.8976968044012414 0.34295044225562354 0.27663232190847037 
0.8971406893258677 0.34318870479729996 0.27813683045482984 
0.8972112966522289 0.3431976239906825 0.27789796697129016 
0.8974704985492858 0.34307342521072465 0.27721350823485824 
0.8978132502172748 0.3429369177663764 0.27627095063938745 
0.8976905574027548 0.3430528229251662 0.27652562961325294 
0.897644198864559 0.3430751464379136 0.2766483980459822 
0.898077034714073 0.3430220783168127 0.27530618138064444 
0.8991772802873026 0.3424989215345177 0.27235033938444453 
0.9005460191118444 0.3420438356299584 0.2683707919453149 
0.9016541815646165 0.34202779369659586 0.2646445261215134 
0.9022893864435473 0.3418125418950598 0.26275092638193476 
0.9021026961526232 0.34188105739510843 0.26330223734060954 
0.9005173637086266 0.3433472981948083 0.2667978832029794 
0.9000298718678065 0.3435935428333382 0.26812255979095617 
0.8994333247712258 0.3437521598182257 0.2699150735162517 
0.900657523515306 0.3420439143143801 0.26799624254040044 
0.9007013918644087 0.3420358625691632 0.26785905138726485 
0.900756046823955 0.3420503939614181 0.2676566309675879 
0.9000504215782876 0.3422918123558286 0.2697138368918231 
0.9004006249114054 0.34152664450333764 0.26951487111742406 
0.9003252404656896 0.3415360985900401 0.26975461949759505 
0.9003821660900376 0.34124045727712715 0.2699387065693048 
0.9000354607245356 0.34176465858956234 0.2704312991824964 
0.8997855053317403 0.34204353891796135 0.2709100623442801 
0.8994702457996606 0.3422558107782944 0.2716877562747178 
0.8995871540259898 0.3421980635683326 0.2713732440781582 
0.8989190278689966 0.34248447421867845 0.2732196300674856 
0.8988947335681632 0.342468105915958 0.27332005852801444 
0.8987881218970079 0.3424495569272896 0.27369364789331946 
0.8987843418218073 0.34240897885346955 0.2737568229222148 
0.8989628542755638 0.3422934296306766 0.27331482701163623 
0.899038481809901 0.34229878490922805 0.2730592427928681 
0.899223997408426 0.3420665410503669 0.272739223395992 
0.899156903331267 0.3421277081014286 0.2728836648482101 
0.8990878794463131 0.34211915305053925 0.2731217130671117 
0.8990897708000685 0.34218887638292017 0.2730281247829149 
0.8991186312170546 0.3420334327514514 0.27312784163945714 
0.8991539895140354 0.3418747863182092 0.2732100540259684 
0.8994129773018885 0.3417760355004437 0.2724801604127391 
0.9909752338778013 0.030871360974629614 0.13044172995023912 
0.9909350925507828 0.03105271070288225 0.13070337221883246 
0.990901565001364 0.0313374866448419 0.13088945873763913 
0.9908571953897181 0.031217775350472318 0.13125345270349822 
0.990758501782097 0.03131694823056518 0.13197287562229815 
0.9907459659776833 0.03112159877502397 0.1321131219396226 
0.9907151792759457 0.030883011781593445 0.1323996719615604 
0.9906941902550167 0.030933221266222465 0.1325449252783813 
0.9906715545826179 0.031123255419106075 0.13266956664199991 
0.9905860300516324 0.03138278280852414 0.1332457804575428 
0.990569946396479 0.03129255188731356 0.13338649666460498 
0.9905722329303 0.031280508695729445 0.1333723401729754 
0.9906008306204902 0.031217250461777212 0.13317461337507805 
0.9906025467064414 0.031216945507379697 0.13316191937600505 
0.9905132364294192 0.03200133723369583 0.13363922655183455 
0.9905074769935623 0.032048983376919034 0.13367049294572636 
0.9904787724360725 0.03287024952601188 0.13368376135353371 
0.9904834024116654 0.03284606256859637 0.13365539914552887 
0.9905000760292073 0.03285462139831429 0.1335296717546633 
0.9904995249121951 0.032831401237051805 0.13353947072505395 
0.9905069749851151 0.03285333618643026 0.13347880283871996 
0.9905245066817526 0.03308329256622234 0.1332917754996471 
0.9905038290858883 0.03308717636135265 0.1334443828964937 
0.9905382759931038 0.03308070343994019 0.1331900553815046 
0.9905303911665367 0.032965570749825764 0.13327721230805292 
0.9905055977515701 0.033051852918474296 0.13344000839875741 
0.9905331592875801 0.03304668021400894 0.13323654633244764 
0.9904855662661655 0.03297395513929261 0.13360786391850443 
0.9904958811450523 0.03300701835883495 0.1335232046265595 
0.9905298848222416 0.03290736306678199 0.13329535899658365 
0.9904643206781558 0.03291959504028721 0.13377865945636824 
0.9904620396020024 0.032896690155038155 0.13380118042933978 
0.9904753169510775 0.0328708923937164 0.13370920291402347 
0.990420994422503 0.03296265388088958 0.1340884680211871 
0.990420994422503 0.03296265388088958 0.1340884680211871 
0.9904192224122169 0.032997988895475165 0.1340928656015434 
0.9904422779531593 0.03229392991079487 0.13409398246704968 
0.9904515204982156 0.03228058837443638 0.1340289116458571 
0.9904590507743931 0.03219762056543413 0.13399321613056644 
0.990455035160724 0.03210510486842152 0.13404508781061988 
0.9904226867261087 0.03206433113702507 0.13429363457354024 
0.9904498398026514 0.03210604595328489 0.13408324521784082 
0.9904515640889004 0.032140700342573145 0.1340622041268138 
0.9904694716883148 0.03202091317150507 0.1339585263174151 
0.9903936099629851 0.032477723069547035 0.1344086859124242 
0.990330917258703 0.032489148644515284 0.13486708101642372 
0.990398822793271 0.03247677098716984 0.13437049957468408 
0.9904134160876518 0.03214760958575495 0.13434208734238812 
0.9904277981958052 0.03237818514762853 0.13418058610527622 
0.990383227737243 0.032374642205964026 0.1345100173176566 
0.990415100126946 0.03232219645024673 0.1342877695740124 
0.9903910336438772 0.032839852571162634 0.13433966116124074 
0.9903719383664508 0.03280836864293076 0.13448804646982093 
0.990417452708567 0.0322051719349155 0.1342985341353953 
0.990459594579085 0.032290774179584245 0.13396677725883344 
0.9904191401240887 0.032344782068376765 0.13425253051175579 
0.9904319270574373 0.031736349743423715 0.13430339522980855 
0.990442315377418 0.03166458830933322 0.13424371030711188 
0.9904757923572161 0.03164696231236572 0.1340006512325395 
0.990397174573272 0.031672628957034765 0.1345744447219831 
0.990698235883027 0.031025498112731843 0.1324931088212332 
0.9906981874329582 0.03095576055103787 0.13250978192479948 
0.9907112129038581 0.030895336403050373 0.1324264732412251 
0.9907066861575738 0.03091938362084425 0.13245472328001576 
0.9906930703374329 0.03095666791067609 0.13254782192574147 
0.9907384775301424 0.030925363825343763 0.1322153206460041 
0.9907346739532858 0.031216612382560096 0.13217537190427525 
0.9907176560762027 0.031219663651377336 0.1323021486611979 
0.9906134576943018 0.031308074638511554 0.13305931721367412 
0.990652209196663 0.031173215334405622 0.132802225355926 
0.9906146888489464 0.031598754583163226 0.13298141578994402 
0.9906181164801289 0.03159813696439176 0.13295602672215037 
0.9906175415326492 0.03157496557912685 0.1329658149919997 
0.9906591900811279 0.031625630043184694 0.13264308738933694 
0.9905900464509485 0.031405339560782404 0.1332106021282824 
0.9905545534780892 0.03209866545459677 0.1333092354634781 
0.9906117730519586 0.032111497602901745 0.13288027247320755 
0.9906232243837986 0.03201625327673436 0.13281787092694394 
0.9905975065289908 0.032055884419019326 0.133000001250604 
0.9905654472494057 0.0320850301985546 0.13323154863898737 
0.9905820380300525 0.032128587348288384 0.13309763261317195 
0.9906163607844418 0.03142390415719878 0.133010390547911 
0.9906688271456563 0.0313912261728917 0.13262679156645538 
0.9906910161201655 0.031387237931545096 0.1324618883823661 
0.9906284006314484 0.03180577098738479 0.1328298339766955 
0.9906284006314484 0.03180577098738479 0.1328298339766955 
0.9906466540257534 0.03177917804117535 0.13270000267749307 
0.9906506460914903 0.03173190312797369 0.13268151236095285 
0.9906146996832265 0.03173841747043757 0.1329480711706013 
0.9906123817852533 0.03199494822942625 0.13290384622554688 
0.9906123817852533 0.03199494822942625 0.13290384622554688 
0.9906540034011813 0.03204554305261845 0.13258102698227703 
0.9906522945125361 0.032045856413501266 0.1325937195487508 
0.990586635697725 0.03206951555089999 0.1330776590919501 
0.990586635697725 0.03206951555089999 0.1330776590919501 
0.9906602758979703 0.032021112040873025 0.1325400548567239 
0.9906585676914825 0.03202142516406775 0.1325527464442833 
0.9906585676914825 0.03202142516406775 0.1325527464442833 
0.9906585676914825 0.03202142516406775 0.1325527464442833 
0.9906511706848691 0.031999499456846374 0.13261331024904605 
0.9906483252619877 0.03198837971943402 0.13263724672408 
0.9906705326585222 0.031984313690262264 0.13247225898218348 
0.9906733844746639 0.031960513921876016 0.13245667534467334 
0.9906705430175183 0.031949395625063215 0.13248060732261413 
0.9905986336002025 0.03285951576707713 0.13279532873171784 
0.990589477031886 0.032872888478524 0.13286030707767094 
0.9905843316029526 0.032873853317823075 0.13289842644203909 
0.9906278200187515 0.032784121448020793 0.13259609189481245 
0.9905815625506359 0.03279278253843675 0.13293908886451491 
0.9905789206057423 0.0330847061979621 0.13288643372202152 
0.9905875902716069 0.03301312212819455 0.13283960165266953 
0.9905755358731485 0.03305036770885557 0.13292020510040603 
0.9905744071209556 0.0330389215808528 0.13293146210638704 
0.9905916507235409 0.0329657293773869 0.1328210909585789 
0.9906612394658295 0.03292930412477919 0.13231012640718068 
0.9906844807516701 0.032971511805441396 0.13212546691329888 
0.9906885182966076 0.032924147765714645 0.13210700287711263 
0.9906920576382469 0.03281864079187776 0.13210671348977818 
0.9906704827718832 0.03281105746429616 0.1322702879432815 
0.9905874479362735 0.03311807259341712 0.1328145370763218 
0.990557364992426 0.03334533727155066 0.1329819353954072 
0.990534481333767 0.03332635109857931 0.13315703365312492 
0.9904584247156369 0.033037351388016105 0.13379328205513089 
0.9904180403080307 0.03302154683618659 0.13409579738733587 
0.9904689556864169 0.03289540345588934 0.13375029066485472 
0.9905315662328606 0.03294202941762108 0.13327429982605274 
0.9904146474134918 0.03295216472337896 0.13413791793841165 
0.9903846714819908 0.032829358604790894 0.13438912049383792 
0.9903445746896662 0.03290678414948305 0.13466538879639195 
0.9902417657000189 0.03315931991614922 0.135357692673919 
0.9903286264816762 0.03315490729389982 0.13472180110601883 
0.9903210527446132 0.03316799169465501 0.13477424389602152 
0.9903198616543379 0.0331915684811751 0.13477719167089208 
0.9903146253237968 0.03319254184241312 0.1348154220993571 
0.9903011503211145 0.032634612744156875 0.13505041178654767 
0.9903163076308946 0.0326085052739857 0.134945530582186 
0.9902533398486509 0.032549919990179366 0.13542092019782243 
0.9902135560386522 0.03251041575611011 0.1357209869719929 
0.9902199973453942 0.032520928631789604 0.1356714636842017 
0.9902235120643564 0.032520293510600845 0.13564596073940358 
0.9901963932983086 0.03281717992265049 0.13577236611676854 
0.9901847629853953 0.03263240062244813 0.13590166143639518 
0.9902129783005239 0.03248716747225653 0.13573076863716604 
0.990154212745387 0.03261455832087501 0.1361283422660286 
0.9901730050957311 0.03265788850026556 0.13598118361888664 
0.9901800363680673 0.032691658343580635 0.13592185642081026 
0.9902350078962056 0.032880213719399656 0.1354751662946693 
0.9902503063388235 0.03274895717758932 0.1353951129090216 
0.9902650523544284 0.032489430678048936 0.13534978012430515 
0.9902930813637127 0.032449339624856494 0.13515418366100912 
0.9903222446314575 0.03235070936581476 0.13496400776370088 
0.9902866413214542 0.032508861885931814 0.1351870626914979 
0.9901342312166653 0.03252470168009575 0.13629507677683708 
0.990155423862185 0.032520891941768354 0.13614194130982812 
0.9901660094457508 0.03251898711571636 0.13606538580860725 
0.9901695363831349 0.032518352180101566 0.13603986912041086 
0.9902369578017521 0.03256456348351096 0.13553714106716033 
0.9902550934845867 0.03254960209215561 0.13540817269084884 
0.9901901022548145 0.032491291298797784 0.1358965687070012 
0.9901760274747827 0.032423756203351396 0.13601520006206733 
0.9901895325087235 0.03243300702013685 0.13591464146951643 
0.9902358618205571 0.03234295219915544 0.13559819839342138 
0.9902733090807567 0.0320795013978209 0.13538714456075712 
0.9902914033942288 0.03202960376501368 0.13526655479513444 
0.9905912193693199 0.03204538768668905 0.1330493488763244 
0.9905878213051502 0.031871344139020964 0.1331164366435933 
0.9905958326150581 0.03184660510340213 0.13306273012781547 
0.9905482882856776 0.03180863603141053 0.13342525715971232 
0.9903885179109643 0.03184899589226295 0.1345965268897318 
0.9904481222695026 0.03182666583509257 0.13416251501309093 
0.9904244220561641 0.03181926131312079 0.1343391186669047 
0.9904330857941879 0.03174779463223442 0.13429214459599842 
0.9904012617983372 0.031800095813732325 0.13451429119055988 
0.9904319388994081 0.03180626197232742 0.134286768176566 
0.9904913784776737 0.031818894023635115 0.13384463808651673 
0.9904942530061843 0.031760134645354016 0.13383732143550262 
0.9904942483971519 0.0317251919711811 0.13384564276267166 
0.990515546387698 0.031779601084227595 0.13367501381786873 
0.990505190228395 0.03195619508370712 0.1337096470954255 
0.9904150703458457 0.0323921678111129 0.13427112830512053 
0.9902773150110175 0.03248720955913917 0.13526056553789273 
0.9902591898257521 0.032537185590619785 0.13538119706771226 
0.990256287366862 0.03249101721606566 0.13541351162518508 
0.9902210977357657 0.03267253076696274 0.13562700074932277 
0.9901658969311272 0.032764313216314074 0.13600733926534841 
0.99013114593399 0.03282903938071931 0.13624451557689676 
0.9900460945925854 0.03284442626210757 0.1368574961245534 
0.9899498075168384 0.032967038755446154 0.13752291791942017 
0.9898739398012384 0.03302748177732651 0.13805349959281243 
0.9898882784222331 0.03306002174617941 0.13794285485087537 
0.9898721020401926 0.03309804672917619 0.13804977691124215 
0.9898463340385666 0.03311438434226478 0.13823050509942975 
0.989789825818478 0.03320650276359326 0.13861251343381215 
0.9897592104737853 0.0330362817954005 0.13887155708583376 
0.9897028405407754 0.03339787049216639 0.13918645649670439 
0.9897757004886307 0.033548804633603796 0.13863095047606352 
0.9895532901621725 0.033565379538278324 0.14020574605083233 
0.9894940122361072 0.0335524813550282 0.14062656485817673 
0.9895521063345561 0.03351866066682019 0.14022527673691979 
0.9895430229859611 0.03341469088240548 0.14031416212570544 
0.9894916879195435 0.0333533944821393 0.1406902648183288 
0.9894494366274511 0.03318482025649904 0.141026877091438 
0.9894414657955573 0.033127544377897146 0.14109624930461254 
0.9894893313555428 0.03311915719860012 0.14076215599377306 
0.9894930314734742 0.033012935471161346 0.1407610981664012 
0.9895058861737386 0.03304587302643143 0.14066297133021627 
0.9895010017975163 0.03296462595999797 0.14071638453651758 
0.9894991644115199 0.03296494699963237 0.14072922901165716 
0.9895187510238791 0.03297325028339937 0.14058949511926785 
0.9896345847317609 0.03294119197717987 0.13977934959756347 
0.9896829893034492 0.033225612277303536 0.13936871733709516 
0.9897023698999154 0.0331987173446169 0.13923743814492986 
0.9897531001382477 0.03318965491767636 0.13887853532196204 
0.9897898900435665 0.033101079934896034 0.13863726798623816 
0.9897911060556327 0.03307743952566428 0.13863422870126005 
0.9898019318915549 0.03307550410754001 0.13855737674977098 
0.9898253820437246 0.03303618101856385 0.13839914669427475 
0.9898217403105043 0.033107087976220514 0.13840824807221325 
0.9898199173621234 0.03314254488870062 0.13841279894409989 
0.9898463553396568 0.03307925657807807 0.1382387630335264 
0.9898721439731675 0.033027803961527775 0.13806629839118545 
0.9898895444701166 0.03293105146147592 0.13796461719726127 
0.9899224256097862 0.032878356073079214 0.13774107948164663 
0.9432215872487119 0.1837399695070596 0.2767176556592755 
0.9427204465074261 0.18506459761597147 0.2775414463572558 
0.9427582600828648 0.18476215662120626 0.2776144962465222 
0.9428315338960354 0.18456404692399972 0.27749740768930553 
0.9425502776922231 0.18500464596712918 0.2781586867111836 
0.9426371373389268 0.18471501166120832 0.2780568139364196 
0.942557259049654 0.18465420596965756 0.2783678099754329 
0.9421307114886247 0.18627468358272328 0.2787318868125683 
0.9420490679322017 0.18644677752228167 0.27889272625801315 
0.9420635505877527 0.18661624072683103 0.2787304169820404 
0.9420627493923764 0.18692139944393038 0.27852857418440813 
0.9421363723494176 0.18747759900723857 0.2779050301213721 
0.9421018964099825 0.18757615467586045 0.2779553974610537 
0.9421103901362564 0.18748624355965735 0.27798726818543285 
0.9420347595190688 0.1875404193479226 0.2782069427039083 
0.9420120824887188 0.18778023216220152 0.278121953204663 
0.9419938526097625 0.1879459890231235 0.27807172969494204 
0.9420899610965787 0.18807359104837873 0.277659556923967 
0.9420316249126097 0.18807855553114583 0.2778540527216145 
0.9418590490612472 0.18838292466878273 0.2782326461698535 
0.9417808638761147 0.1884089756447155 0.27847955460548296 
0.9417682477430054 0.18851484460959703 0.2784505717445898 
0.9418860997514124 0.18825774414778296 0.27822580193695295 
0.9415913932200574 0.18864633505158773 0.2789591520017141 
0.9417377395653167 0.18795848621320602 0.2789294486762695 
0.9417344333498391 0.18804674555535938 0.2788811189903246 
0.9418057571938135 0.18838616214033024 0.2784107929492401 
0.9418723248024143 0.18834945728746397 0.27821036233543306 
0.9420142074254249 0.18767790536992218 0.27818381844493945 
0.9420601117089876 0.18822869623021787 0.27765572899243823 
0.9421538509168762 0.1875588554508036 0.2777909230779242 
