51
101010100000101010100010101010100010101010001010101010001010101000101010100000101010100010001010000
101010100000101010100010101010100010101010001010101010001010101000101010100000101010100010001010000
101010100000101010100010101010100010101010001010101010001010101000101010100000101010100010001010000
101010100000101010100010101010100010101010001010101010001010101000101010100000101010100010101010000
101000100000101010100010101010100010101010001010101010001010101000101010100000101010100010101010000
101000100000101010100010101010100010101010001010101010001010101000101010100000101010100010101010000
101010100000101010100010101010100010101010001010101010001010101000101010100000101010100010101010000
101010100000101010100010101010100010101010001010101010001010101000101010100000101010100010101010000
001010101000101010100010101010100010101010001010101010001010101000101010100000101010100010101010000
001010101000101010100010101010100010101010001010101010001010101000101010100000101010100010101010000
101010101000101010100010101010100010101010001010101010001010101000101010100000101010100010101010000
001010101000101010100010101010100010101010001010101010001010101000101010100000101010100010101010000
101010101000101010100010101010100010101010001010101010001010101000101010100000101010100010101010000
101010101000101010100010101010100010101010001010101010001010101000101010100000101010100010101010000
101010101000101010100010101010100010101010001010101010001010101000101010100000101010100010101010000
101010101000101010100010101010100010101010001010101010001010101000101010101000101010100010101010000
101010101000101010100010101010100010101010001010101010001010101000101010101000101010100010101010000
101010101000101010100010101010100010101010001010101010001010101000101010101000101010100010101010000
101010101000101010100010101010100010101010001010101010001010101000101010101000101010100010101010000
101010101000101010100010101010100010101010001010101010001010101000101010101000101010100010001010100
101010101000101010100010101010100010101010001010101010001010101000101010101000101000100010001010100
101010101000101010100010101010100010101010001010101010001010101000101010101000101000100010001010100
101010101000101010100010101010100010101010001010101010001010001000101010101000101000100000101010100
101010101000101010100010101010100000101010001010101010001010001000100010101000101000100000100010100
101010101000101010100010101010100010101010001010101010001010001000101010101000101000100010100010100
101010101000101010100010101010100010101010001010101010001010001000101010101000101000100010100010100
101010101000101010100010101010100010101010001010101010001010001010001010101000101000101010101010100
101010101000101010101010101010100010100010100010101010001010001010001010101000101000101010101010100
101010101000101010101010101010100010100010100010101010001010001010001010101000101000101010101010100
001010101000100010101000101010100010000010100010101010001010001010101010101000100000101010101010100
101010101000100010101000101010100010100010100010101010001010001010100010101000100000101010101010100
101010101000100000101000101010100010100010101010101010001000001010101010101000100000101000101010100
001010101000101000101000101010100010100010101010101010000000001010101010101000000000101000101010100
001010101000001000101000101010100010000010101010101010001000001010100010101000000000101000101010100
001010101000001000101000101010100010000010101010101010001000001010100010101000000000101000101010100
000010101000100000101010101010100010000010101000101010001000001010100010101000000010101000101010101
100010101000100000101010001010100010000010101000101010001000001010000010101000100010101000101010101
100010101000101000101010001010100010100010100010101010001010001010001010101000100010100000001010101
100010101000101000101010101010100010100010100010101010000010001010001010101010100010100000001010101
101010101000100000101000101010100010100010100010101010001000001010000010101010100000100000101010101
101010101000100000101000101010100010000010100010101010001000001000001010101010100000100010101010101
001010101000100000101000101010100010000010100010101010101000001000001010101010100000100010001010101
101010101000100000101010101010100010100010001010101010101010001000101010101010101010100010001010001
001010101000100000101000101010101010100010000010101010101000001000100010100010101010101010001010001
001010101000101010100010101010101010000010001010101010101010101000100010100010101010101010001010001
001010101010101000100000001010101010001010001000101010101010101010100010100010101010101010001010001
000010101010101010101010001010101010001010001000101000101010101010100010100010101000101010001010100
101010101010100010100010001010001010101010101010101000101010101010101010100010101000101010001010000
101010100010101010100010101010001010101010101010101000101010001010100010101000101000101010001010000
100010100010101010101010101010001010101010101010101000101010001010100010100000101000101010001010100
101010100010101010101010101010001010101010101000101000101010001010100010100000101000100010001010100
101010100010101010101010101010001010101010101000101000001010001000100010101000101010100010001010100
101010100010101010101010101010000010101010001010101010001010101000100010101000101010100010001010100
101010101010101010101010101010000010101010001000101010001010101000100010101000100000000010001010000
101010101000101010100010101010000010101010001000101010001010101000100010101000101010000010101010000
101010100000101010100010001010100010101010101000101010001010101000101010100000101010000010101010000
100010101000101010101010101010100010101010001010101000001010101000101010100000101010000010101010000
111111111101111111110111111111010111111111011111111101011111111101111111110101111111010111111111010
111111110101111111110111111111010111111101011111111101011111110101111111110101111111010111111111010
111111110101111111110111111111010111111101011111111101011111110101111111110101111111110111111111010
111111110101111111110111111111010111111101011111111101011111110101111111110101111111110111111111010
111111110101111111010111111111010111111101011111111101011111110101111111110101111111110111111111010
111111110101111111010111111111010111111101011111111101011111111101111111110101111111110111111111010
111111110101111111010111111111010111111101011111111101011111111101111111110101111111110111111111010
111111110101111111010111111111010111111111011111111101011111111101111111110101111111110111111111010
111111110101111111110111111111010111111111011111111101011111111101111111110101111111110111111111010
111111110101111111110111111111010111111101011111111101011111111101111111110101111111110111111111010
111111110101111111010111111111010111111101011111111101011111111101111111110101111111110111111111010
111111110101111111010111111111010111111111011111111101011111111101111111110101111111110111111111010
111111110101111111110111111111010111111111011111111101011111111101111111110101111111110111111111010
101010100000001010100010101010000000101010001010001000001010101000101010100000101010100010101010100
101010100000001010100010101010000000101010001010101000001010101000101010100000101010000010101010100
101010100000001010100010100010000010101010001010101000001010101000101010100000101010100010101010000
111111110101111111110111111111010111111111011111111101011111111101111111110101111111110111111111010
111111110101111111110111111111010111111111011111111101011111111101111111110101111111110111111111010
111111110101111111110111111111010111111111011111111101011111111101111111110101111111110111111111010
111111110101111111110111111111010111111111111111111101011111111101111111110101111111110111111111010
111111110101111111110111111111010111111111011111111111011111111101111111110101111111110111111111010
111111110101111111110111111111110111111111011111111101011111111101111111110101111111110111111111010
101000100000001010100010100010100000001010001010001000000010101000101000100000001010100010100010000
111111110101111111110111111111010111111111011111111101011111111101111111110101111111110111111111010
111111110101111111110111111111010111111111011111111101011111111101111111110101111111110111111111010
101000101000001010100010100010100000101010001010001000000010101000101000100000001010100010100010000
101010101000001010100010100010100000101010001010001000000010101000101000100000001010100010100010100
101010101000001010100010100010000000101010001010001000000010101000101000100000001010100010100010100
111111111101111111110111111111010111111111011111111101011111111101111111110101111111010111111111010
111111111101111111110111111111010111111111011111111101011111111101111111110101111111010111111111010
101000100000001010100010100010100000101010001010001000000010101000101000100010001010000010100010000
111111110101111111110111111111110111111111011111111101011111110101111111110101111111110111111111010
101000101000001010100010100010000000101010001010001000000010100000101000100010001010100010100010000
101000101000001010100010100010000000101010001010001000000010100000101000100010001010100010100010000
101000101000001010100010100010000000101000001010001000000010101000101000100010001010100010100010000
101000100000001010100010100010000000101010001010001000000010101000101000100010000010100010100010001
101000100000001010100010100010000000101010001010001000000000101000101000101000000010100010100010101
101000100000001010100010100010000000101010001010001000000010101000101000101000000010100010100010101
101000100000001010100010100010000000101010001010001000000010101000101000101000101010000010100010001
101000100000101010100010100010000010101010001010001010001010101000101000100000101010000010100010000
101000100000000010100010100010100000001010001010001010001010101000101000101000101010100010100010000
101000100000100010100010100010000010101010001010001010001010101000101000101000101010100010100010000
101000100000101010100010100010000010101010001010001000001010101000101000100000101010100010100010001
111111110101111111110111111111010111111111011111111101011111111101111111110101111111110111111111010
101000100000100010100010100010000010001010001010001000001010101000101010100000101010100010101010000
101000101000100010100010100010000010001000001010001010001010101000101010100000100010101010101010000
101000100000100010000010100010000010001010001010101000001010101000101010100000101010101010101010000
101000100000100010100010100010000010101010001010001000001010101010101010101000101010101010101010001
101000100000100010100010100010000010101010001010101000101010101010101010100010100010100010101010001
101000100000101010100010100010000010101010101010101000101010101010101010100000100010100010101010000
101000100000101000100010000010001010100010101000101000101010101000100010100000100010100010001010000
100000100000101000100010000010001010100010001000101000001010101000100010100000101010100010001010100
100000100000100010100010000010001010001010001000101010001000101000100010101000100010100010001010000
100000100010100010100010001010001010001010001000101010001000101000100010101000100010100010001010000
100010100010100010100010001010001010001010001000101010001000101000100010101000100010100010001010001
100000100000100010101010001010100010001010001000101010001000101000100010101000101010100010001010001
100000101000100010100010001010001010101010001000101010001010101000100010101010001010100010001010000
100010100010101010100010001010101010101010001000101010001000101010100010100000100010101010001010000
100000100010101000100010000010100010001010101000101010101000101000100010100010100010100010001010000
100000100010101010101010001010100010001010001000101010101000101000100010100010100010100010001010000
100000101010100010100010000010100010001010001000101010001000101000100010100010100010100010001010000
100010100010100010101010001010100010001010001000101010001000101000100010101000100010100010001010100
100000101010100010100010000010001010101010001000001010101010101000100010101000101010100000001010000
100000101010100010101010000010101010101010001000101010101010101000000010101000100010100000001010100
100000101010100010101010000010001010101010001000101010001010101000100000101010100010101010001010101
100000101010100010100010000010101010001010001000001010101010101010100010101010100010100010001010100
100000101010100010101010000010100010001010101000101010001010101000100010101010101010100010000010101
100000101010100010100010100010100010001010001000101010001010101000100010101010101010100010000010101
100000101000100010100010101010100010001010001010101010101000101000101010101010100010100010001010101
100000101010100010100010101010101010001010101010100010101000101010001010101000100010100000101010101
100000101000100010100010101010100010001010000010001010101000101010001010101000100010100000101010101
000000100000100010100010000010101010001010101010001010001000101010100010101000101010101010001010101
000000101010100010101010000010101010001010101000001010001010101010100010101000101010101010101010100
000000101000100010100010000010100010001010001000001010001010101010101010101000101010100010101010101
000000101010100010100000000010100010001010001000101010101000101010101010101010100010100000101010101
000000101010100010100000000010101000001010001000001010101000101010001010101010100010100000001010101
101000101000100010101010001010100010001010101010001010001000101000000010101010101010100000001010100
000000101000000010101010001010100010001010100010001010001000101010001010101010100010101000001010101
001000101000000010101010101010100010001010100000101010101000101010101010101010100010101010101010101
101000101000100010101000101010100010001010101010101010001000101010101010101010100010100010101010101
101000101000100010101010101010100010001010101010101010001000101010101010101010100010101000101010101
101010101000100010101010101010100010001010101010101010001000101010101010101000100010101010101010101
001010101000100010101000101010100010001010100010001010001000101010101010101000100010101010101010100
000010101000100010101000101010100010101010101010101010001000101010101010101000100010101000101010100
101000101010001010101000101010100010101010101010101010001000101010001010101000100010101000101010100
001000101010001010101000101010101000101010100010101010100010101010101010101010001010001010101010100
001010101000001010101000101010100000101010100010001010001010101010001010101000101010101000101010100
001010101000000010101000101010100000101010100010101010001010101010001010101010100010101000101010101
001010101010000000101000101010100000001010100010001010100000101010001010101010100010101000101010101
001010101010000000101000101010101000001010100010001010100000101010001010101010100010101000101010100
001000101000000000101000100010100000001010100010101010001000101010001010101010100010001000101010100
001000101010101010001000100010101010001010100010001010101000101010000000101010100010001010101010100
001000101010001010001000100010101000001010100010101010100000100010001010101010000010101000101010101
001010101010000010101000100010101000001010100010101010100000101010001010101010000010101000101010101
001010101010001010101000100010101000001010100010001010100000101010000010101010000010101000100010101
000010101010000000101000101010101000101010100010101010100000101010000010101010000010101000101010101
001000100010001000101000100010101010001010100010001010101000101010001010101010000010101000101010101
001000101010000000101000100010101010001010100010001010101000101010001000101010100010101000101010101
001000101010101000101000100010101010100010100010001010101000101010001000101010000010101000100010101
001000101010001010101000100010101000000010100010001010101000101010001000101010101010101000100010101
001000101010001000101000100010101000101010100010001010101010101010001000101010101010101000100010101
000000101010001000101000000010101010101010100010001010101010101010001000101010001010101000100010101
001000101010101000101000100010101000100010100010001010101010101010001000101010001010101000100010101
001000101010100000101000100010101000001010100000001010100010101010001000101010001000101000100010101
000000101010001010101000000010101000100010100000101010100010101010001010101010001010101000001010101
000000101010001010101000000010101000100010100000101010100010101010000010101010001010101000001010101
000000101010001010101000000000101000100010100000101010100010101010000010101010001010101000101010101
001000001010001010101000100000101000101010100000001010100010101010000000001010001010101000100010101
001010001010001000101000101010101000101010100010000010100010101010000000001010001000101000100010101
001010101010001000101000101010101000100010100000101010000010001010000010100010001000101000000010101
001000101010001000101000100010101000100010100000000010100010001010000010101010001000101000000010101
000000001010000000101000000000101000000010100000000010100010101010001010101010001000101000000010101
001000001010001000101000100000101000100010100000000010100010101010001010101010001010101010101010101
001010001010001000101000100000101000100010100010000010100010001010101000001010001000101010100010101
000000001010001000101000000000101000000010100000000010100010001010000010001010001000101010101010101
001010001010001000101000101000101000100010100000100010100010001010001010001010001000101010101010101
001010001010001000101000101000101000100010100010100010100010001010000010101010001000101010101010101
001010001010000000101000101000101000000010101010100010100010001010100010001010001000101010001010101
001010001010001000101000101000101000100010101010100010100010001010000010001010001000101000001010101
000010001010001000001000001000101000100000101000100010100010001010000010001010001000101000001000101
000010001010001000101000001000101000100010101000100010100010001010000010001010001000101000001010101
100010001010001000001010001010101000000000101000101010100000000010100010101010000000101010001010101
100010001010001000001010001000101000000000101000101010100000001010100010101010000000101010001000101
100010000010001000001010001000101000100000101000100010100010000010100010101010001000001010001000101
100010000010001010001010001000001000001000101000100010100010100010100010101010001000101010001010101
100010001010001010001010001000101000101000101000100010100010100010100010001010001010101010001010101
100010001010001000001010001000101000101000101000100010100010100010100010001010001010101010001000101
100010001010101000001010001000101010100000101000100010100010100010100010001010101010101010001000101
100010001010100000001010001000101010100000101000100010101010000010100010001010100010101010001000101
100010001010001000001010001000101000000000101000100010101010000010100010001010101000001010001000101
100010001010001000000010001000101000100000001000100010101010000010100010001010101000001010001000101
100010000010001010001010001000001010001000101000100000101010100010100010001010101010001010001000101
100010001010001010000010001000101000101000101000100010101010100010100010001010101010001010001000101
100010000010101010000010001000101000101000001000100010101010100010100010001010101000001010001000101
100010000010100010000010001000001000101010001000100000101010101000000010001010101010100010001000101
101010000010101010100010101000001010101010001000100000101010101000100010000010101010000010001000101
101010000010100010000010101000001010001000001000100000101000100000100010000010100010001010001000001
101010001000100010100010101000000010001010001010100000101000100000100010000010100010001010001000001
000010001010101010100010001000101010001000000010100010101000100000101010001010100010001010101000101
101010100010100010000000101010001010001000001010101000101000100000101010100010100010100000101000001
100010101010100010000000001010101010001000001010101010101000100000101010101010100010100000101010001
101010101010100010000010101010101010001000001010101010101000100000101010100010100010000010101010001
101010100000101010100000101010000010001010001010101000001000101000101010100000100010001010101010001
101010100000101010100000101010000010001010000010101010001000101000001010101000100010001000101010001
101010101010101010100000101010101010001010000010101010001000101000001010101000100010000000101010001
101010101000100010000000101010101010001000000010101010101000100000001010101010100010000000101010001
001010101010101010000000101010101010101000000010101010101010100000001010101010101010000000101010001
001010101010100010000000101010101010001000000010101010001010100000001010100000101010000000101010000
001000101000100010001000101010100010001000100010101010001010100010001010100000101010001000101010000
001010101000100010000000101010100010001000000010101010001000100000001010100000101010000000101010000
001010101000100010000000101010100010101000000010101010001010100000001010101000101010000000101010100
001010101000100010000000101010100010101000000010101010001010100000001010101000101010000000101010100
001010101000101010000000101010100010101000000010101010001010100000001010101000001010000000100010100
001000101000101010000000101010100000101000000010101010000010100000001010101000101010001000100010100
011111111111011111111101111111111101111111110111111111110111111111011111111111011111111101111111111
011111111111011111111101111111111101111111110111111111110111111111011111111111011111111101111111111
001010101000101010101000101010100000101010100010101010000010101010001010100000001010101000101010000
001000101000101010101000100010100000101010100010001010000010101010001010101000001010101000101010100
011111111111011111111101111111111101111111110111111111110111111111011111111111011111111101111111111
001000101000101010100000100010100010101010000010001010001010101000001010101000001010100000100010100
001000101000101010100000101010100010101010000010101010000010101000001010101000001010100000100010100
001000101000001010101000100010100000101010100010101010000010101010001010101000001010101000101010100
001000100000101010100000100010000000101010100010001000000010101010001000100000001010101000101010000
001000100000101010101000100010000000101010100010001000000010101010001000100000101010101000101010000
001000100010001010101000100010001000101010100010001000100010101010001000100010001010101000100010001
001000100000001010101000100010000000101010100010001000000010101010001000100000001010101000100010000
011111111111011111111101111111111101111111110111111111110111111111010111111111011111111101111111111
011111111111011111111101111111111101111111110111111111110111111111010111111111011111111101111111111
011111111111011111111101111111111101111111110111111111110111111111011111111111011111111101011111111
011111111111011111111101111111111101111111110111111111110111111111010111111111011111111101011111111
010111111111011111111101011111111101111111110101111111110111111111010111111111011111111101011111111
001000100010001010101000100010001000101010100010001000100010101010001000101010001000101000100010101
011111111111011111111101111111111101111111110111111111110111111111010111111111011111111101011111111
010111111111011111111101011111111101111111110101111111110111111111010111111111011111111101011111111
001010101000001000101000101010100000100010100010001010000010001010001010101000001000101000101010100
010111111111011111111101011111111101111111110101111111110111111111010111111111011111111101011111111
010111111111011111111101011111111101111111110101111111110111111111010111111111011111111101011111111
010111111111011111111101011111111101111111110101111111110111111111010111111111011111111101011111111
001010101000001000101000101010100000100010100010101010000010001010001010101000001010101000001010100
010111111111011111111101011111111101111111110101111111110111111111010111111111011111111111011111111
000010101000001000100000001010100000100010001000101010100010001010100010101010001000101010001010101
010111111111011111111101011111111101111111111101111111110111111111110111111111011111111111011111111
010111111111011111111101011111111101111111111101111111110111111111110111111111011111111111011111111
100010101010001010100010001010101000101010001000101010100010101000100010101010001010100010001010101
100010101010001010100010001010101000101010001000101010100010101000100010101010001010100010001010101
100010101010001010100010001010101000101010001000101010100010101000100010001010001010100010001000101
100010101010001010100010001010101000101010001000101010100010101000100010001010001010100010001000101
100010101010001000100010001010101000100010001000101010100010001000100010001010001000100010001000101
100010101010001010100010001010101000101010001000101010100010101000100010001010001010100010001010101
100010001010001010100010001000101000101010001000100010100010101000100010001010001000100010001000101
000010101010001010100010001010101000101010001000101010100010101000100010101010000010100010001000101
010111111111011111111101011111111101011111111101111111110101111111110111111111010111111111011111111
000010101010001010101000001010101000101010100000101010100010101010100010101010001010101010001010101
010111111111010111111101011111111101011111110101111111110111111111110111111111011111111111011111111
010111111111010111111101011111111101011111110101111111110101111111010111111111010111111111011111111
010111111111011111111101011111111101111111110101111111110111111111010111111111010111111111011111111
010111111111010111111101011111111101011111110101111111110101111111010111111111110111111101011111111
010111111111010111111101011111111101011111110101111111111101111111010111111111110111111101011111111
010111111111110111111101011111111111011111110101111111111101111111010111111111110111111101011111111
010111111111110111111101011111111111011111110101111111111101111111010111111111110111111101011111111
010111111111110111111101111111111111011111110101111111111101111111010111111111110111111101011111111
010111111111110111111101011111111111011111110101111111111101111111010111111111110111111101011111111
110111111111110111111111011111111111011111111101111111111101111111010111111111110111111101011111111
100010001000100010101010001000100010001010101000100010001000101010100010001000100010101010001000100
000010101000100010101010001010100010001010101000101010001000101010100010101000100010101000001010100
000010101000100010101000001010100010001010101000101010001000101010100010101000100010101010001010100
000010101000100010101000001010100010001010101000101010001000101010000010101000100010101010001010100
000010101000100010101000001010100010001010101000101010001000101010000010101000100010101010001010100
000010101000100010101010001010100010001010100000101010001000101010000010101000100010101000001010100
000010101000100010101010001010100010001010100000101010001000101010000010101000100010101000001010100
000010101000100010101010001010100010001010100000101010001000101010000010101000100010101000001010100
100010101000100010101000001010100010001010100000101010001000101010000010101000100010101000001010100
100010101000100010101000001010100010001010100000101010001000101010000010101000100010101000001010100
110111111111110111111111011111111111011111110101111111111101111111010101111111110111111101010111111
100010101010100010101010001010100010001010100000101010101000101010100000101010100010101000000010101
110111111111110111111101011111111111011111110101111111111101111111010111111111110111111101010111111
000010101010000010101000001010101010001010100000101010101000101010000010101010100010101000001010101
000000101010000010101000001010101010001010100000101010101000101010000010101010100010101000001010101
010101111111010111111101010111111111011111111101011111111101111111010101111111110111111101011111111
010111111111010111111101010111111111011111111101111111111101111111010101111111110111111101010111111
010101111111010111111101010111111101011111111101011111111101111111010101111111110111111101010111111
010101111111010111111101010111111101011111111101011111111101111111010101111111110111111101010111111
010111111111010111111101010111111101011111110101011111111101111111010101111111110111111101010111111
010111111111010111111101011111111101011111110101111111111101111111010111111111110111111101011111111
010101111111010111111101010111111101011111110101011111110101111111010101111111110111111101011111111
010101111111010111111101010111111101011111110111011111110101111111011101111111010111111111110111111
001000101010000010001000100010101000001010100010001010100000100010001010101010000010001010101010101
011101111111010111111101110111111101011111110111011111110101111111011101111111010111111111110111111
001000100010101010001010100010001010001000101010001000101000100010001000100010100010001010100010001
001000101010100010001010100010101010001010100010001010101000100010001000101010000010001010100010101
110101111111010111111111110111111101011111110111011111111101111111011101111111010111111111110111111
110101111111010111111101010111111111011111111111011111111101111111011101111111010111111101110111111
110101111111110111111111010111111111011111110101011111110101111111110101111111010111111111110111111
110101111111010111111111010111111101011111111101011111110101111111110101111111010111111111010111111
110101111111010101111111010111111101010111111101011111110101011111110101111111010101111101010111111
110101111111110101111101010111111101010111110101011111110101011111110101111111010111111111010111111
010101111111010111111101010111111101011111110101011111110101011111110101111111010101111101010111111
110101111111010101111101010111111111010111110101011111110101011111110101111111010101111101010111111
110101111111110101111111010111111111010111110101011111111101011111010101111111010101111111010111111
110101111111110101111111010111111111010111110101011111111111011111010101111111011101111101110111111
100000101010100000101010100010101010000010101000001010101000001010100000100010101000101010100010001
110101111111110101111111010111111111010111111101011111111101011111110101111111010101111111010111111
110101111111110101111111010111111111010111111101011111111101011111010101111111110101111101010111111
110101111111010101111111010111111101010111111101011111111101111111011101111111110101111101110111111
010101111111010101111101010111111111010111110101011111111101011111010101111111110101111101110111111
010101111111010101111101010111111101010111110101011111111101011111010101111111010101111101110111111
010101011111010101111101010101111101010111110101010111111101011111010101111111010101111101110111111
010101011111010101111101010101111111010111110101010111111101011111010101011111110101111101010101111
010101011111010101111111010101111101010111111101010111111101011111010101011111110101111101010101111
010101011111110101111101010101111111010111111101010111111101011111110101011111110101111111110101111
010101011111110101111101010101111111010111110101010111111101011111010101111111110101111101110101111
010101011111110101111101010101111111010111110101010111111101011111010101011111110101111101110111111
010101011111110101111101010101111111010111110101010111111101011111010101011111110101111101110101111
110101011111110101111111010101111111010111111101010111111101011111110101011111110101111111010101111
010101011111110101111101010101111111010111111101010111111101011111110101011111110101111111010101111
010101011111110101111101010101111111010111111101010111110101011111110101011111010101111111010101111
010101011111010101111101010101111101010111110101010111110101011111110101011111010101111111010101111
010101011111010101111101010101111101010111110101010111110101011111010101011111010101111101010101111
010101011111010101111101010101111101010111110101010111110101011111010101011111010101111101010101111
010101011111010101111101010101111101010111110101010111110101011111010101011111010101111101010101111
010101011111010111111101010101111101010111110101010111110101011111010101011111010101111101010101111
010101011111010111111101010101111101011111110101010111110101011111010101011111010101111101010101111
010101011111010111011101010101111101011101110101010111110101010111010101011111010101011101010101111
010101011111010111111101010101111101011111110101010111110101010111010101011111010101011101010101111
010111111111010111111101010111111101011111110101011111110101110111010101011111010101011101010101111
010111111111010111111101010111111101011111110101011111110101111111010101111111010101011101010101111
010111111111010111111101011111111101011111110101111111110101111111010101111111010111111101010101111
000010101010001010101000001010101000101010100000101010100000101010000010101010000010101000000010101
000010101010001010001000001010101000101000100000101010100010100010000010101010001010001000001010101
100010101010000010101010001010101000101000100000101010100010101010000010101010001010101000001010101
101010101010000010101010001010101000001010101000101010100010100010100010101010001010001000001010101
100000001010101000001000101000101010101000101010101010101010101010100010101010100010101010001010101
101000001010101000001010100000101010000000101000000010101000000010001010101010101000101010001010101
101010001010100000001010101000101010000000101000001010101000000010100010101010100000001000101010101
101000001010101000001010100000101010100000101010000010100010100010100000001010101010001010100000101
101010001010101000001010101000101010100000101010100010101000000010101010101010000000001010001010101
001010100010001010001010101010101000100000101010101010100010000010101010101010001000001010101000101
001000001010001010001000101000101000100000100010100010100010000010001010001010001000001010101000101
001010001010001010001000101000101000101000100010100010100010000010001010001010001000001000101000101
001000001010001010001000101000101000100000100010100010100010000010001010101010001000001000101010101
001000001010001010001000100000101000101000100010100010100010000010001010101010001000001000101010101
001000101010001010001000100010001000101000100010101010100010000010001010000010001000001000101010101
001000101010001010001000100010001000101000100010101000100010000010001010000010001000001000101010001
001000100010001010001000100010001000101000100010101000100010000010000010100010001000001000101010001
011101110111111101011111110111011111110101111111010101110111010111011111110111011101011101111111011
110101110111011101011111110111011101111101111111010101110111010111110111110111011101011101111111011
000000100010001000001000000010001000101000100000000000100010000010001000100010101000001000101010001
111111110111011101011111110111011101111101111111010101111111010111010101010111111101011101010101011
000000100010001010001000000010001010101000100000001000101010000010100000000010101000001010000000001
100000100010001010001010000010001000101000101000000000101010000010100000100010101000001010000010001
100000100010001010001010000010001000101000101000000000100010000010101000100010001000001010000000001
110101010111011111011111010101011101110101111111010101110111010111110101010101011101011111010101011
100000000010001010001010000000001000101000101000000000100010100010100000000010001010001010000000001
000000100010001010001000000010001000101000100000000000100010100010001000000010001010001000100000001
001000100010001010001000100010001010101000100010100000101010100010001000000010101010001000100000001
111101110111010111011111110101011101111101110111010101110111110111111101010111110111011101110101011
001010000010000010001000100000001000100000100010000000100010000010001000000010101010001000101000001
110111110111111111011111011101011111110101111101110101111111010111010111010111011101011101011111011
010111110111011111011101011101011101111101110101110101110111010111010111010111011101111101011111011
010111010111011101110101011101011101111111110101110101110111111111010111010111011111111101011111011
111111010111111111110111111101011101111111010101110101110111111111010111010111010111111101011101011
011111010111011111110101011101011101111111010101110101110111111101010111010111110111111101011101011
011111010111011111110101011101011101011111010101110101110111111111110111010111110111111101011101011
100010000010001010100010001000001010101010001000100000101000101000100010000010100010100010000000001
100010000010000010100010001000001000101010001000100000100000101000101010000010100010100010100000001
111111010111011111110111111101011101111111011111110101111101110101111111010111010111010111110101011
101010000010101010100010101000001010101010000010100000101000100000101000000010100010000010000010001
101010000010101010100000101000001010101000001010100000101000000000101000100010100010000010001010101
101010000010101010100010101000001010001000001010100000101000100000101000100010100010000010001010101
101010000010101010000010101000001010001000001010100000101010100000101000100010100010100010001010101
101010000010100010000010101000001010101000001010100000101010100000101000100010100010101010101010001
101010000010100010000010101000001010101000001000000000101000100000101000101010100010101010101010101
101010000010100010000000101000001010101000001010001000101000100000101000101010000010101010101010101
001010000010100010000000101000001010101010001010001000101000100010101010100010001010101010101010101
001010000010100010000000101000001000101010001010001010101000100010101010101010101010101010101010101
010111010111111111010101011101011101111101011111011111110101110111111111111111011111111111111111111
100010000010001010000000001000001000101000100010001010100010100010101010101010100010101010101010101
000010000010101010100000001010101000101000100010001010100010100010101000101010100010101010101010101
000010000010100010100000001010101000101000100010001010100010100010101010101010100010100010101010101
000010100010001010100000101010001000101000100010001010100010100010001000101010100010100010101010101
001010100010001000000000101010001000101010100010101010100010100010001000101010001010001010101010101
001010100010001000000000101010001000101010100010101010100010100010001010101010001010001000100010101
000010100010001000000000101010001000101010100010101010100010100000001010101010001010001000100010101
000010100010001000000000001010001000100000000010101000100010101010001010101010001010001000101010101
000010100010001010000000001010001000100000000000101000100010101010001010101010001010000000101010101
000010100010001010000000001010001000100000000000001000100010000010001010101010001010001000101010101
000010100010001000000000001010001000100000000000101000100010000000000010101010001010101000001010101
111101010101110101010101111101010111010101011111111101011101011101111111111111110111111111011111111
000010100000000010000000001010100010001000000000101010001000100000000010001010100010001000001000101
010101011101011111010101011111110101111101010101110111011111110101110111111101111111010111011111110
000010101000000010100000001010100000001000000000101010001000100000000010101000100010000000001010100
110111011101010111110101011111010101011101010101111111010101110101010111111101010111010111011111110
111101111101011111110101111101010101111101010111111111010111110101011111111101010111010111111111010
111111011101011111010101111101110101111111010111010101011111110101011111110101110111010101110111010
111111111101011111010101011111110101111111010101110101011111110101010111010101111111010101011111010
010111111101011111110101011111110111111111010101110101011111110101010111011101111111010111011101110
010111110101011111110101111111010111111111010111110101011111110101110111010101111111010101110101010
010111011101011111110101111111110111111111010111110101011111111101011111010101111111110101111101010
011101011101110111110101110111110111011111010111010101011101111101011111010101110111110101111101010
011101011101110101110101110111110111011111010111110101011101111101111111010101111111110101111101010
011111011101111101110101111101110111111111010111110101011111111101111111110101110111110101011101010
000010101000000000101000001000100000001010100000100000000000100010000010100000000010001000001000000
011101111101111111011101110101110111111111111111010101011111110111010111010101110111111101011101010
010101111101111101111111010111110111111111110101010101011101110111010101010101010111111101110101010
001000101000000000101000100010100000001010100010001010000000101010001000100000000010000010100000000
001000101000000010101000100010100000001010101010001010000000100010101000100000000010001010100010000
001000101000000010101010100010100000001010101010001010000000100010101000100000000010001010100010000
001000101000000010001010100010100000001010101010001010000000100010101000100000000010101010100010000
001000101000000010001010100010100000001010101010001010000000100010101000100000000010101010100010000
001000101000000010001010100010100000001010101010001000000000100010101000100000000010101010100010000
001000101000000010001010100010100000001010101010001000000000100010101000100000000010101010100010000
101000101000000010001010100010100000001010101010001010000000100010101000100000000010101010100010000
001000101000000010001010100010100000001010101010001010000000100010101000100000000010101010100010000
011101111101111101111101110111110111011111110101011111010101111111010101010101011111111101010101010
011101111101111101111101110101110111011111110101110111010101110111010111010101010111111101110111010
111101111101111101111101110101110111111111110101010111010101110111010101010101010111011101010101010
010101111101111111111101010111110111110111110101010111011101111111010101011101010111011101010101010
011101111101111111111101110111110111111101110111011111011111111111010101011101110111111101010101010
011101111101111111111101110111110111111111110111011111011111011111011101011101111111111101011101110
010101110101011101111101010111110111111111110111011111011111111111011101111101111101111101110101110
111111110101010101111101011111110101010111111101111111010111011111011111111101011101111101111101110
101010101000100010100010101010000000000010000000101000000000001010100010101000000000101000001000100
101010101000100010101010101010100010001010001010101000000000001000000010100000000000101010001010100
100010101000000010100010101010100000001010001010101000001010101010101010100000000010101000001010100
100010101000100010001010101010100000001010101010101000000000101010101010101000000000101010001010100
100010100000000010001010001010100000001010101010101010000000101000101010101000000010101010101010100
111111110111010111110111011111010101011111011101111111010101111101110111111101010111110111111111110
111111110111010111110111111111010101011101011111111111010101111101110111111101010111110111111111010
111111110111010111110111111111011101111111011111111111010101111101110111111101010111110111011111010
101010100010000010101010101010001000101010101010101000000000100010100010101000000010100010001010100
101000101010000010100010100010001010101010001010001000101000101010100000100000100010101010001010000
101010101000000010101010101010001010101010101000101000101010101010100010100010000010001010001010100
101010101000100010100010101010100010001010101000101000101010101010100010100010000010001010001010001
101010101010100010100010001010100010001010001000101000001010101010100010100010100010101010001010001
101010101000001010100010001010100010101010001000101010001010101000100010100010100010101010001010001
100010101000001010100010001010101000101010001000101010001010101010100010100000100010101010001010001
100010101000001010101010001010100000101010101000101010001000101010100000100000100010101010100010001
100010101000001010101010001010100000101010101000101010101000101010100000101000001010101010100010000
100010101000001010101010001010100000101010101000101010000010101010100000101000001010101010000010000
100010101000001010101010101010100000101010101000101010000010101010100000101000001010101010000010100
101010101000001010101010001010100000101010101000101010000010101010100000101000001010101010000010100
110111111101011111111111011111110101111111111101111111010111111111110101111101011111111111010111110
110111111101011111111111011111110101111111111101011111010111111111110101111101011111111111010111110
100010101000101010101010001010100010101010101000001010001010101010100000101000101010101010000010100
100000101000101010101010000010100010101010101010001010001010101010101000101000101010101010000010100
101000101000101010101010000010100010101010101010001010001010101010100000101010101010101010000010100
100000101000101010101010100010100010101010101000001010001010101010100000101010001010101010000010100
100000101000101010101010000010100010101010101000001010001010101010100010101010001010101010000010100
100000101000101010101010000010100010101010101000001010001010101010100010101010001010101010000010100
100000101000001010101010000010100010101010101000001010001010101010100000101000101010101010001010100
100000101000101010101010000010100010101010101000001010000010101010100000101000001010101010000010100
100010101000101010101010001010100010101010101000001010001010101010100000101000001010101010000010100
100010101000101010101010000010100010101010101000101010001010101010101000101000101010101010000010100
100010100000101010101010001010100010101010101000001010001010101010100010101000101010101010101010101
100010100000101010101010001010100010101010101000001010001010101010100010101000101010101010001010101
100010101000101010101010001010100010101010101000101010001000101010100000101000101010101010001010100
100010101000101010101010001010100010101010101000101010001010101010100010101000101010101010101010100
000010101000001010101000001010100010101010100000101010001010101010000010101000101010101000101010101
100010101000101010101010001010100010101010101000101010001010101010100010101000101010101010101010100
100010101000101010101010001010100010101010101000101010001010101010100000101000101010101010001010100
100010101000101010101010001010100010101010101000101010001010101010100000101000101010101010101010100
100010100000101010101010001010100010101010101000001010001010101010100010101000101010101010101010100
100010101000101010101010000010100010101010101000101010001010101010100000101000101010101010100010100
100010101000101010101010001010100010101010101000001010001010101010100000101000101010101010000010100
100010101000101010101010001010100010101010101000001010001010101010100000101000101010101010100010100
100000101000101010101010000010100010101010101000001010001010101010101000101000101010101010000010100
100000101000101010101010000010100010101010101010001010001010101010100000101000101010101010000010100
100000101000101010101010000010100010101010101010001010001010101010100000101000101010101010100010100
100000101000101010101010000010100010101010101010001010001010101010001000101000101010101000100010101
100000101000101010101010000010100010101010101000001010001010101010100000101000101010100010000010101
100000101000001010101010000010100000101010101000001010001010101010100000101010001010100010100010001
100010101000101010101010000010100010101010101000001010001010101010100000101010001010001010100010001
100000101000101010101010100010100010101010100010001010001000101010001000100010001010001000000010001
111101111101110111111101110111110111111111110111111101010101110111010101110101010101111101110111110
111111111101011111111101011111010101011111110101111101010101111111011111110101110101111101111111110
001010101000000010101000001010000000001010100000001000100000101010000000101010000010101000000010101
010111110101011111111111011111010101111101110101011101110111111111010101111111011111111101010111111
011101110101010111110101110101011101011111010101010111111111111101010111011111110111110101111101110
011101010101010111111101111101010101011111111111110111010111111111111111011101011111111111111101010
010111011101011111111101011101110101111111111101110101010111111111010101111101111111010101011101110
000010100000100010100000001000000010001010000000101010001000101000000010101000100010100000001010100
111101110101111111110111111101110111111111011111111111011111111101111111110101111111010111011111110
111101111101111111110111111101110111111111011111111111011111110101110111110101111111010111011111110
000000001000000010100000001010100000001010000000101000000000100000000010101000000010000000001010100
111101011101110111110111111111110111011101011111111101011101110101111111111101110111010111111111110
000010101000001010100000001010000000101000000000101010000010100000000010101000001010000000001010100
000010101000001010000000001010100000101000000000101010000010100000000010101000001010000000101010100
000000101000001010000000001010100000100000000000101010000010100000000010101000001010000000101010100
010111111101110101010111011101110111110101011111110111010101010101111111011101010111111101011101111
001010001000000010000000101000100000100000000010100010000010001000000010101010001010101000101010101
010111011101110111010111011101110111110101011101110111110111011111110111111111011111111111011111111
000010001000000010000000001000101000100010000000100010000000100010001010101010001010101000001010101
000010001000000000000000001000101000000010100010100010100000101010000010001010000010001000001010101
000010001010000000001000001000100000001000100000100010100000101010000010101010000010101000101010101
000010101000000000001000001010100000001000100010101010100000100010001010101010000000101000101010101
000010101010001010001000101010100000101000100010101010100000000010000000101000000010101000101010100
001010101010001010001000101010100000001000100000001010100000101000001010101000001010101010101010100
001010101010000010001000000010101000001000100010001010100010101010101010101000001000101010100010100
001010101010000010001000100010101000001000100010101010000010101010101000101000101010101000100010100
000000101010000010001000100010100000101010100010101010000010101010001000101000001000101010100010100
001000100000001010101010101010100000101010100010001010001010000010101000101000101010101000100010100
001000101000101010101010100010100010100000000010001010001000101010101000101000100010101010100010101
101000101000101010001000100010100000001010001010001010001000101010101000101000100010101000100010101
000000101000101010101010100010100010001010101010001010001000101010001000101010100010101000000010101
101000101000000010101000100010101010001010101010001010101000101010001000101010100000101010000010101
101000101010000010101010100010101010001010100010001010101000001010100000101010100000101010000010101
101000101010000010101010100010101000001010100010001010101000001010100000101010100000101010000010101
101000101010000010101010100010101000000010100010001010101000001010100000101010000000101010000010101
001000101010000010101010100010101010000010100010001010101000001010100000101010100000101010000010100
001000101010100010101010100010101010000010100010001010101000001010100000101010100000101010000000101
001000101010100010101010100010101010000010100010001010101000001010100000101000100000101010000000101
101000101010000010101010100010101010000010100000001010101000001010100000001000100000101010000000101
101000101010100010101010000010101010000010101000001010001000001010000000001010100000101000000000101
011111111111110111111111011111111111010111111101110111010101011111010111010111110101110101011101010
110101011111010111111111010111110111011111111101010111111101011101110101011111110101110111010101010
111101111111110111111111010111111111011111011101010111111101011101110101011111110101110111010101010
110101111101110111110111010111111111011111011101011111111101011101110101011111110101110111010101010
110101111101110111110111010111111111011111111101010111111101011111110101011111010101110111010101010
110101111111110111111101010111110111011111111101011111110101011101110101011111010101110111010101010
100010101010100010101010000010101010001010100000001010101000101010000000001010000000101010000000101
100010101010100010101010000010101010001010100000001010101000101010000000001010000000101010000000101
100010101010100010101010000010101010001010100000001010101000101010000000001010000000100000000000101
100010101010100010101010000010101010001010101000001010101000101010000000001010100000100000000000100
110111111111110111111111010111111111011111110101011111111101011111010101111111010101110101010101110
110111111111110111111111010111111111011111110101011111111101011111010101111111010101110111010101010
110101111111110111111101010111111111011111110101010111110101011111110101011111010101111111010101010
010101111111110111111101010111111101010111111101011111110101011111110101011111010101110111010101010
110101111111010111111101010111111101010111111101011111110101011111110101011111010101110111010101010
110101111111010101111111010101111101010111110101010111110101011111110101010111010101111101010101010
110101111111010101111111010111111101010111111101010111110101011111010101010111010101011101010101010
110101111111010101111111010101111101010111111101010111110101011111010101010111010101011101010101010
110101011111010101111111010111111101010111110101010111110101011111010101010111010101011101010101010
010101111111010101111101010111011101010111110101010101110101011111010101010111010101010101010101010
010101111111010101111101010111011101010111110101010101110101011111010101010111010101010101010101010
010101111111010101111101010111011101010111110101010101110101010111010101010101010101010101010101010
010101110111010101111101010101011101010111110101010101110101010111010101010101010101010101010101010
010101110111010101111101010101011101010111110101010101110101010101010101010101010101010101010101010
010101110111010101111101010101011101010111110101010101110101010101010101010101010101010101010101010
010101110111010101111101010101011101010101010101010101010101010101010101010101010101010101010101010
010101010111011101011101010101010101110101010101010101110111010101010111010101011101010101011101011
010101010111010101010101010101010101010101010101010101110101010101010111010101010101010101011101011
010101010111010101010101010101011101010101010101010101010101010101010111010101010101010111011101010
010101010111010101010101010101011101010101010101010101010101010101110111010101010101010101011101011
010101010111010101010101010101010101010101011101010101010101010101010111010111010101010101011101011
010101010111010101010111010101011101010101010101110101110101010101010111010111010101010101011101011
110101010111010101010101011101011101010101010101110101110101010101010111010111010101011101011101011
110101010111010101010101011101011101010101010101110101110101010101010111010111010101011101011101011
110101010111010101010101010101011101010101110101110101110101010111010111010111010101011101011101011
110101010111010101011101011101011101010101110101110101110101010111010111010111010101010101011101011
010101010111010101011111011101011101010101110101110101110101010111010111010111010101010101011101011
010101010111010101011111011101011101010101111101110101110101010101010111010111010101010101011101011
010101010111010101011101011101011101010101111101110101110101010101010111010111010101010101011101011
010101010111010101011101011101011101010101111101110101110101010101010111010111010101011101011101011
010101010111010101011101011101011101010101111101110101110101010101010111010111010101011101011101011
010101010111010101011101011101011101010101111101110101110101010111010111010111010101011101011101011
010111010111010101011111011101011101010101110101110101110101010111010111010111010101011101011101011
010111010111010101010111011101011101010101110101110101110101010111010111010111010101011101011101011
110111010111010101010101011101011101010101010101110101110101010111010111010111010101011101011101011
110111010111010101010101011101011101010101010101110101110101010101010111010111010101011101011101011
010111010111010101010101011101011101010101010101110101110101010101010111010111010101011101011101011
010111010111010101010101011101011101010101010101110101110101010101010111010111010101011101011101011
010111010111011101010101011101011101110101010101110101110111010101010111010111011101010101011101011
010101010111011101010101011101011101110101010101110101110111010101010111010111011101010101011101011
010111010111010101010101011101011101010101010101110101110101010101010111010111010101010101011101011
010101010111010101010101010101011101010101010101110101110101010101010111010111010101010101011101011
010101010111010101010101011101011101010101010101110101110101010101010111010111010101010101011101011
010101010111010101010101011101011101010101010101110101110101010101110111010111010101010111010101011
010111010111010101010101011101011101010101010101110101110101010101110111010111010101010111010101011
010111010111010101010101011101011101010101010101110101110101010101110111010111010101010111011101011
010111010111010101010101011101011101010101010101110101110101010101110111010111010101010111011101011
010111010111010101010101011101011101010101010101110101110101010101010111010111010101010111011101011
010111010111010101010101011101011101010101010101110101110101010101010111010111010101010111011101011
010101010111010101010101011101011101010101010101110101110101010101010111010111010101010111011101011
010101010111010101010101011101011101010101010101110101110101010101010111010111010101010111011101011
010101010111010101010101010101011101010101010101110101110101010101010111010111010111010101011101010
010101010111010101010111010101011101011101010101110101110101110101010111010101010111010101011101011
010101010111010101010111010101011101011101010101110101110101110101010111010101010111010101011101011
010101010111010111010111010101011101011101010101010101110101110101010111010101010111010101011101011
010101010111010111010111010101011101011101010101010101010101110101010111010101010111010101011101011
010101010111010111010101010101011101011101011101010101010101110101010111010101010111010101011101011
010101010111010111010101010101011101011101011101010101110101110101010111010101010111010101011101011
010101010111010111010101010101011101011101011101010101110101110101010101010111010111010101011101010
010101010111010101010101010101011101011101010101010101110101110101110101010111010111010101010101010
010101010111010101010101010101011101010101010101010101110101110101110101010111010111010101010101010
010101010111010101010101010101011101010101010101010101110101110101110101010111010111010101010101010
010101010111010101010101010101011101010101010101010101110101110101110101010111010111010101010101011
010101010101010101010101010101010101010101010101010101010101110101110101010101010111010101010101011
010101010101010101010101010101010101010101010101010101010101110101010101010101010111010101010101010
010101010101010101010111010101010101010101010101010101010101110101010101010101010111010111010101010
010101010101010101010111010101010101011101010101010101010101110101110101010101010111010111010101010
110101010101010101010101010101010101011101010101010101010101110101110101010101010111010111010101010
110101010101010101010101010101010101011101011101010101010101110101110101010101010111010111010101010
110101010101010101010101010101010101011101011101010101010101110101110101010101010111010111010101010
010101010101010111010101010101010101011101011101010101010101110101110101010101010111010111010101010
010101010101010111010111010101010101011101011101010101010101110101110101010101010111010111010101010
010101010101010111010101010101010101011101011101010101010101110101110101010101010111010111010101010
010101010101010111010101010101010101011101010101010101010101110101110111010101010111010111011101010
010101010101010111010101010101010101011101011101010101010101110101110111010101010111010111011101011
010101010101010111010101010101010101011101011101110101010101110101110111010111010111010111011101011
010101010101010111010111011101010101011101011101110101110101110101110111010111010111010111011101011
010111010101010101010101011101010101011101010101110101110101110101010111010111010111010101011101011
010111010101010101010101011101011111010101010101110101110101010101010111010111010101010101011101011
010111010101010101010101011101011101010101010101110101110101010101010111010111010101010101011101011
0.6704899272629017 0.693324546139365 0.26409152042356854 
0.6736549423912308 0.6906861310365258 0.26294806899017686 
0.6757698666397317 0.6889129566605805 0.26217174807155774 
0.6786641086601629 0.6863648975627414 0.26137761000168724 
0.6796215348725113 0.6855248706803073 0.2610942761078458 
0.6816599745778855 0.6834086845317321 0.261327857231264 
0.6814143831946691 0.6836604163831433 0.2613099183847712 
0.6822316675311298 0.6837863831836735 0.25883611415388735 
0.6830000236304115 0.6831602807982545 0.2584627602973152 
0.6843697699712428 0.6813556314538226 0.2596006961386488 
0.6858477692174001 0.6797869753713645 0.25981244307185863 
0.6860074233959387 0.6796259589922555 0.2598121839127683 
0.6874150335465219 0.6782441554313356 0.2597025938982288 
0.6878740932619031 0.6780647227456321 0.2589545589229963 
0.6894219299194081 0.6768118232690125 0.2581146226572093 
0.6906491421255748 0.6755068415523144 0.25825233686691773 
0.6906750884114577 0.6752081465123336 0.25896308835663057 
0.6920574268758399 0.6736226533905436 0.25940130829484026 
0.695260774310746 0.6704672375582801 0.2590099207864265 
0.700574560410552 0.6641233866749574 0.26102760884041926 
0.7033318975489595 0.6610245313254011 0.26147812695560907 
0.707034873416102 0.6562286270365796 0.2635634208898536 
0.7118413636052474 0.6501892257464804 0.26558585011971947 
0.7141982055281777 0.6483275024149294 0.2638036634179868 
0.7148859398555357 0.6478989606784584 0.262992451885298 
0.7171860173466578 0.6451963920728682 0.26337393982433666 
0.7189500937598252 0.6434913542381739 0.2627349228851378 
0.7154811312526475 0.6472461435020644 0.26298133116846345 
0.7157959393212954 0.6467343817430408 0.26338339492570717 
0.7212053220717386 0.6411568678853881 0.2622608514033287 
0.7224172871606993 0.6401427414734617 0.2614010974541165 
0.7253405660478531 0.6359371923341215 0.263562043267946 
0.7292760526852733 0.6315522285698969 0.26324555374817477 
0.7333512559508039 0.6261949080493165 0.26471847787505587 
0.7329538592102967 0.625549544407195 0.2673320178367782 
0.7377610463541481 0.6186436281132836 0.27016420909747824 
0.7405327450062812 0.6147597996475686 0.271443626395507 
0.7416955049075672 0.6133760377278592 0.2713993631922907 
0.746197348271875 0.6072759226111467 0.2727736630409958 
0.7517352704460375 0.5990746417207623 0.2756876072923179 
0.7536208729001806 0.595570452976538 0.27812122441570525 
0.760811143479071 0.5860189365841659 0.27883365995308335 
0.7624633286690343 0.5840973356603729 0.27835224969342326 
0.7672906589043395 0.5781415365759558 0.2775201045757537 
0.7705005766996592 0.5740642804413949 0.2770903520998089 
0.7623611638101745 0.5839590644498898 0.27892161436648405 
0.7659592053234534 0.5791477023517443 0.2790957445769444 
0.7677693040958993 0.5767318753492705 0.27912477432899435 
0.7726731955554579 0.5701372701291826 0.27914087138891114 
0.7743021392789007 0.5675890792668775 0.2798192884793614 
0.7759354914805223 0.5652195650239309 0.28009097874626165 
0.7788957245938336 0.5608023641776814 0.28075284244717813 
0.780486712528446 0.5587070593737407 0.28051187741784905 
0.7831383964390684 0.5549365907851616 0.2806058307138089 
0.7870365387282079 0.5496241630390594 0.28015489663815557 
0.7874906825904695 0.5477134462203117 0.28260998861092335 
0.7887773817317068 0.5450097380411288 0.28424395773492445 
0.7929580281610689 0.5389104791215483 0.2842412022699958 
0.7960091824009026 0.5342195977700253 0.2845677474554684 
0.7985239572710601 0.5300887306461675 0.2852462573042834 
0.7356914698215002 0.6070791804839015 0.30035467343604805 
0.742767577177392 0.5988922753150696 0.2993732935015514 
0.7501115664474562 0.5908633252216915 0.2970070180815754 
0.7536638167159668 0.5871854076227659 0.2953034853299365 
0.7556318328430718 0.5846805368142651 0.2952443108085279 
0.760353929096513 0.5785627520523445 0.29517290601461377 
0.7610997413955263 0.5779388665925677 0.2944721551002084 
0.7685280435635522 0.5677388281618352 0.2950207946125244 
0.7731129368464894 0.5623983300021721 0.2932652473297237 
0.776690788565634 0.5560666500769927 0.29587379003461056 
0.7806025064690987 0.5498159577014237 0.29725769889277415 
0.7836852570807846 0.5443404632677953 0.29921710827361914 
0.7882753337786682 0.5379711874502011 0.29867875657560555 
0.7936021342623094 0.5291214584925615 0.300376654647148 
0.8025585434218062 0.5145330856260074 0.301919671728837 
0.8051523010430235 0.5084600897520749 0.30528365376226185 
0.8099664212606601 0.5003479361144676 0.3059515308936887 
0.813965643285564 0.4934548303956042 0.30653264411798564 
0.8184222363674013 0.48485317336311196 0.3083868403468308 
0.8243787028725686 0.47564760168047915 0.30685356974581435 
0.8274570058232917 0.46987007799443187 0.3074687192536167 
0.8307911471459479 0.4636282781546193 0.3079527391001789 
0.8311043007975474 0.46178082517300945 0.3098775737260677 
0.8340611936092732 0.4560117637430271 0.3104757585433171 
0.8369500080718546 0.4508375754483566 0.3102582223767326 
0.84131525951196 0.44254837036760375 0.31038616914627754 
0.8456565173682556 0.43391940174388666 0.3107716322684886 
0.8481061027052248 0.4296914298747524 0.30996985925464643 
0.8475255991536099 0.43070382302620697 0.310152503794382 
0.8501043868333562 0.425333788539295 0.31050555520552914 
0.8458946600596244 0.43163303069474124 0.31329722452630365 
0.8496991760387355 0.42476349577191985 0.3123896331485924 
0.8552513337634977 0.41408180926320864 0.3115789006544989 
0.8585302856931157 0.4075533396228986 0.3111688029188002 
0.8612494451879836 0.4015468194527844 0.31146355316592533 
0.86230618359168 0.39835277289619425 0.31263895161266303 
0.8651960293828124 0.39292184251056084 0.31152569142579833 
0.8674700770746291 0.3870674423526981 0.3125291353628934 
0.8711748882074354 0.37898342209087654 0.3121311902662903 
0.8748582011129596 0.3704643801334379 0.31205651891563446 
0.8771690636436095 0.3646719919569842 0.3123920166533049 
0.8785524206472975 0.36103719344700624 0.3127263805992115 
0.8803649864524032 0.3554176470442906 0.31406334838398403 
0.8822223902533831 0.3495618307475735 0.3154206407640631 
0.8825850498976013 0.3487774732188257 0.3152743311345537 
0.88216145837801 0.34623902182250177 0.3192329887711788 
0.8838009970222428 0.34254718415368046 0.3186804422785842 
0.8857207663028075 0.33715523528478014 0.3191004096832718 
0.8878158616517835 0.33279057177809235 0.31785756422509664 
0.8888667644280687 0.33145494684177584 0.3163123350571262 
0.8906978139902 0.32765663007730106 0.3151167036503549 
0.8945078967411199 0.31923798163406 0.3129580383214171 
0.895933947897512 0.3146811448230971 0.31349344187335626 
0.8976714684222721 0.30857503608098186 0.3145908165986771 
0.9000171347291293 0.3016360148250465 0.31461861317225437 
0.9023231241110823 0.2956199751371994 0.3137225047622465 
0.9042218030669789 0.29030224146034117 0.3132212308599203 
0.9059375702679477 0.28451213967588285 0.3135760851118246 
0.9069365229933918 0.2825333577306866 0.31247567110109653 
0.9084031512128125 0.278771724159703 0.31159274811147114 
0.8756761381175987 0.35394997340383644 0.3284976673568195 
0.883102507966438 0.3393074758545798 0.32403764789385353 
0.8872358656515071 0.3309783721202449 0.3213500208343756 
0.891411496142169 0.32297890376542376 0.3179153539357057 
0.8954644352848187 0.31356598833342364 0.31594274180699916 
0.897821932457448 0.30649834931119196 0.3161875068181667 
0.8998945990977446 0.3015006673340599 0.31509848954227926 
0.9020702396748846 0.297010575664621 0.3131357543243295 
0.9034959596286403 0.2932546744138638 0.31256478827459294 
0.9064468435089436 0.28584836499976135 0.31087751948257064 
0.9084829255212343 0.2796469279951778 0.31057425794685434 
0.910974701932698 0.27348242098702286 0.3087595469774317 
0.9126864220993827 0.26735451715052727 0.30907128154300556 
0.9133301647048186 0.264187745115182 0.3098916674762723 
0.9130724898908797 0.2622572286667278 0.3122815624024527 
0.9115595741421244 0.26550507329074235 0.3139525423478942 
0.9126820245395795 0.2615464524561227 0.31401429153774496 
0.914085266686882 0.25472683183379013 0.31553504776790126 
0.9151896710465809 0.2507835395016507 0.3154924441641592 
0.9161969378221565 0.24866222487941736 0.31424555532787013 
0.915923454550416 0.24969114176563656 0.3142269229843375 
0.9161100741356731 0.24866095016638537 0.3144997041802772 
0.9170172030846824 0.24613667766499775 0.31384101891687677 
0.9174111286620822 0.2431039786592536 0.3150512284803942 
0.9164543589960786 0.24220215208256332 0.3185114211510499 
0.9166786419126614 0.23955138536036447 0.31986778711381514 
0.9171123645600894 0.23586255099721742 0.32136236215226993 
0.9177783589089952 0.2327412491277226 0.3217365302118786 
0.9172578807009404 0.23315854137093495 0.32291651378924163 
0.9182077474512415 0.2298311927145907 0.32260216269564274 
0.9178404583984558 0.22892321304771454 0.3242885373472569 
0.9170636677439452 0.22820939197314763 0.32697813798367187 
0.9171414696067444 0.22747048195809375 0.32727466227212554 
0.9168805106816541 0.2265555371647266 0.32863766934444893 
0.9155797062506846 0.22573587484849722 0.33280191752496496 
0.9146476814544422 0.22622698483279868 0.3350238351871011 
0.9143926258014832 0.2264973180929309 0.3355370184891355 
0.9135646953073684 0.22815419679278118 0.33666780358952675 
0.9127053605976478 0.2285303622066185 0.3387370636438079 
0.9118850220516722 0.2301712281944412 0.33983365382093034 
0.911367158462719 0.2321767208279621 0.3398586070429348 
0.9095334834676362 0.2381740977255853 0.340619937208365 
0.9099595243360735 0.23896325825776923 0.338925102748229 
0.9087844748767246 0.241933740516589 0.33996888596265346 
0.9075532867297078 0.24616010557007453 0.3402238001254975 
0.903927378306466 0.25551476283150165 0.34296865851439073 
0.9031070677780768 0.2564346957082507 0.34443993811156826 
0.9016654997930651 0.2620209275628717 0.3440121509511173 
0.9004333333289779 0.26769156238145475 0.3428717539545092 
0.8993680502137525 0.27126902728015606 0.3428559830208467 
0.8974555703526836 0.27656626087101277 0.3436344025134366 
0.8960031597237401 0.2791048342701553 0.3453676725637523 
0.8941842977839941 0.28220704776657063 0.34755377107351587 
0.8931661136732185 0.2862997575620309 0.34682379129148844 
0.8912000673334585 0.29252267684250477 0.3466885107956919 
0.8896014192673752 0.29773402148195544 0.34635786015283987 
0.8886706204783477 0.2997676810939676 0.34699260175135405 
0.8863582808077589 0.30499084351857647 0.3483526710294343 
0.8862294809532417 0.30650997681899006 0.34734556453159143 
0.8835386933999883 0.31293265368903267 0.3484717083497332 
0.8630345336647056 0.3535475908471756 0.3607984128406086 
0.8643461310322368 0.35088564551208884 0.3602568938176867 
0.8636331602398346 0.3520469520394234 0.36083335224713936 
0.8623915239917838 0.3540144217509283 0.36187656533614393 
0.8613501808040003 0.3567635966155296 0.3616567463201368 
0.8607013620685989 0.35705985745495405 0.3629069075224478 
0.8591964792069726 0.35890406788795404 0.3646495306068842 
0.8584287116169294 0.3603944512717819 0.3649876526188386 
0.8561476245320918 0.36379190744932277 0.36696960784571747 
0.8541411407354257 0.3692659457771607 0.36617696950038364 
0.8524300838991202 0.3732050956770242 0.3661706004370668 
0.8521167695988429 0.37338024779137563 0.36672087686370375 
0.850038102469526 0.38016139139962185 0.36457172248970604 
0.8494207538029984 0.3821299568719646 0.3639520285281788 
0.8474388266619871 0.38527398164637267 0.36525524518082597 
0.8424394545209074 0.3960419392025764 0.3653033641498239 
0.8397995285602223 0.4032362576984669 0.3635069081975804 
0.8384659679656342 0.4063299693044969 0.36314016110650543 
0.8386944637224109 0.4067641983955749 0.3621249555401875 
0.838401569312282 0.4070432560824286 0.3624894429531942 
0.8376753326735688 0.40922973290241405 0.36170576818575134 
0.8384649673725576 0.4096469914538014 0.35939649536658697 
0.8362440012776726 0.41121259970136886 0.3627673747375164 
0.8408233972421151 0.40537975014180866 0.35872450825834734 
0.842108872329367 0.4044956713874449 0.3567014143131229 
0.8442374450295489 0.40182834887801516 0.35467888920535906 
0.8480874969257612 0.39594735677506804 0.3520984070129174 
0.8497027477341599 0.3937949868884922 0.35061481542357986 
0.8531415710040032 0.3900196716582593 0.3464593995613412 
0.8538368765360029 0.39123287340075713 0.34336485993448645 
0.8524423171943666 0.3954037550337486 0.34204965481858074 
0.855679739668162 0.390815265713824 0.3392279634795157 
0.8553238430320343 0.39257099051073385 0.33809634862023147 
0.8575277137897426 0.3901402102998474 0.3353160246539493 
0.8610230018166195 0.3847925698406551 0.3325267937146151 
0.8621181202852218 0.3839326321349576 0.3306782131586523 
0.8642585625770078 0.38247655434471867 0.32675498831527544 
0.866440325971365 0.3784624729228186 0.3256490720388738 
0.8693810996957821 0.3745518295378587 0.3223157310489134 
0.8704771062245419 0.37557223558230945 0.318143212089546 
0.8711738815009082 0.3764280200047632 0.31521106253736564 
0.8732390063372767 0.3750671438905357 0.31109206898421826 
0.8745158554951092 0.3749285519291066 0.3076533754666123 
0.8774274930476937 0.3723765226580562 0.3024181208478317 
0.8776416139726976 0.37438105185245585 0.29930590611821717 
0.8797823530444279 0.3726530343073611 0.29514865287364384 
0.8821698169983285 0.3716233773662231 0.2892619563165146 
0.8845118993217391 0.3695636191101452 0.2847128929087359 
0.8866320243016758 0.368099060407657 0.2799763118724741 
0.8882840533140774 0.36729235194850424 0.2757675993079126 
0.889841129141064 0.36769671884438276 0.27015160158701845 
0.8921545340582933 0.36602251670927316 0.2647410142404072 
0.8941390524748111 0.3634280305800378 0.2616016464553736 
0.8945052507176483 0.36404039691637785 0.25948977985948385 
0.8967456496695675 0.36202412890626984 0.2545304891135085 
0.8975825885837454 0.3623181647535443 0.2511394914403681 
0.8987359814475834 0.3627130882361441 0.2463997793701289 
0.9008526948783464 0.35986647659743487 0.24281791769094974 
0.9014437366226727 0.36084408443398996 0.23914584761761765 
0.9038575512437115 0.358237484310079 0.2338961989749033 
0.8916332889857183 0.4019772423109984 0.20833716575915007 
0.8934686962779415 0.3996470716113479 0.20492902899264825 
0.8947333433913114 0.39801982456141954 0.20256471430114045 
0.8955533048472356 0.39735271381623805 0.20023760635820878 
0.8979765153144045 0.39290878998724676 0.19814353558609193 
0.9003262310200053 0.3880122812592116 0.19712723639653226 
0.9010982873511583 0.3873764253896553 0.19483680757275348 
0.9026168198048952 0.3850775776655708 0.19234899475826112 
0.904846974246586 0.38144625076403355 0.18907858412538436 
0.9046986153661819 0.3817224946801834 0.1892309499253502 
0.905992670012972 0.37958792912999195 0.18732401325396103 
0.9060610454622644 0.37961479624627825 0.18693846144313145 
0.907323440809592 0.37721149394142695 0.18567623056255628 
0.9077357210776212 0.37673662639657274 0.1846222495015708 
0.9093495675455636 0.3736682596276581 0.18290816206920193 
0.9099183415370069 0.37184044839887126 0.1838023195421348 
0.9107567324220787 0.36965634657152824 0.1840553171936317 
0.9118869801764371 0.36687878155555 0.18401656183347473 
0.9131225424383621 0.36426649867557526 0.18307687028551356 
0.9136147812328934 0.36299513018692486 0.18314629937115706 
0.9148758888079821 0.36040173280216403 0.18196895084327513 
0.9164289910442818 0.3568154834797853 0.18121979782200112 
0.9165858346799131 0.3568858311197177 0.18028563783650464 
0.9170048172101769 0.35526193631472575 0.18135909632340375 
0.9178849016143827 0.3531946162678526 0.18094438490254194 
0.9181487853500558 0.35178202201644493 0.18235190414755365 
0.9181665541243971 0.35232804980936183 0.18120464730481486 
0.9190321716593194 0.34932096529383816 0.18263277543019646 
0.9200540508750819 0.34614464929094235 0.1835331720305703 
0.9209208325907629 0.3440650849934654 0.18309570554432847 
0.9212316001987696 0.3416833527150191 0.18596995798418156 
0.9212796033347441 0.34232466181312404 0.18454733374911325 
0.9211591189362768 0.34260935682743304 0.18462043823703458 
0.9223383266771129 0.33947095261965143 0.18453044049687195 
0.9222573989524733 0.33982034201590333 0.18429168518848868 
0.9217113533566756 0.34142691878436965 0.1840539057526813 
0.9227096586794267 0.3393687840517347 0.18285435239813963 
0.9223916734610809 0.34066354818447636 0.18204930010310266 
0.9227017176701716 0.3400147280803116 0.18169073971170518 
0.9228960255504396 0.33944602146790903 0.1817672262340224 
0.9232513912383817 0.3384410232726774 0.18183658142006437 
0.9238189698644375 0.33798705881225194 0.1797867041637202 
0.9239482843832849 0.3379300051750792 0.1792285674426804 
0.9245470115049278 0.33683405951582607 0.17820112195885754 
0.9239640106497556 0.33927680095920937 0.17658357611879813 
0.9235795139952009 0.34065269744187104 0.1759449375627663 
0.9233721277132664 0.3423188924158671 0.17378633334485638 
0.9235093254317973 0.344047768311806 0.16959262649116713 
0.9235706321202781 0.34456261720538534 0.16820787826236008 
0.924621934333769 0.34436231842338044 0.16275402360296254 
0.9246525475814666 0.34496799314431675 0.16129088615630555 
0.9244699242383654 0.3460818035849828 0.15994606717914783 
0.9246292658475923 0.34709706442473587 0.15679396865272963 
0.9244687381171954 0.3495107504764621 0.15231476469922622 
0.9239177376693449 0.3525664239187664 0.1485696158206388 
0.9233180301784927 0.35517096175024204 0.1460732798177553 
0.922917745525403 0.35772168856313813 0.14233070127644576 
0.9215646370834466 0.3622879567716523 0.1395208086827078 
0.9209424637194448 0.3649051730121708 0.1367815529496454 
0.9201874314100565 0.36760072147101447 0.1346283798051217 
0.9175726971657006 0.376487550176022 0.12773985274188676 
0.9172230600228799 0.3790763191397315 0.12248674389392787 
0.9167847811421251 0.3816386082494455 0.11771846821808482 
0.9166916560832142 0.3831468318906071 0.11346767328012412 
0.9159388576270049 0.3857845809756646 0.11057244760955691 
0.9160865690981312 0.3866219181907421 0.10634326632432295 
0.9162210111297262 0.38700154017028376 0.10377315004494377 
0.9156918470433923 0.38805564105642104 0.10450483578548257 
0.9164928581817807 0.38696395920448323 0.10148761096104975 
0.9165353216501857 0.38662911051246596 0.10237643807014447 
0.9160878093307433 0.3881927634680659 0.10044652301909728 
0.9144293925800819 0.39194590840476484 0.10098163630277546 
0.9160324257933063 0.3882233321703487 0.10083272908030298 
0.9152433530354025 0.389780637004826 0.10198362486509976 
0.9154950239126559 0.3889139259480336 0.10302824561669072 
0.9137653188891208 0.39075591665990594 0.11109795493500381 
0.9144774387155236 0.38857679113090055 0.11286758380823146 
0.9154064772450058 0.38555565905945766 0.11566250552843794 
0.9164384415873662 0.3831335817073119 0.11553891703251432 
0.9169654267949382 0.38188988570212457 0.1154751976018882 
0.9176069939259842 0.38037394009575987 0.11538227937662679 
0.9185531007459071 0.3781998955436226 0.11500017443844301 
0.9175900278642283 0.3788268284600698 0.12049387869518383 
0.9158229489639881 0.3826786576556729 0.12175948064014104 
0.9154881304245147 0.38482611110096504 0.11743230929660949 
0.9140850832693894 0.3889396435949406 0.11477985095230771 
0.9120658188552815 0.39397232508846985 0.11367387184498472 
0.9113459962925655 0.39661023456375716 0.11022158083058245 
0.9122010636675997 0.39537041832459674 0.10757068261163516 
0.9118624990522579 0.3964522478279239 0.10645373649786691 
0.9095784633593677 0.39972216946432926 0.11353064005607302 
0.9090132223869487 0.40149451906973666 0.11179048565355075 
0.9096134731854065 0.39753863740141376 0.12069118100594205 
0.912001700961196 0.39184794470277273 0.1212768967120191 
0.9141752595313529 0.3868560109533666 0.12093809015373194 
0.9165321023391634 0.3809631869968835 0.12180293730009503 
0.9193717560965156 0.37470814579862083 0.11978889582999046 
0.9212282647840623 0.37016158455340864 0.11966154555184079 
0.9248365458878017 0.3616058527931244 0.11797699189281463 
0.9271389305469782 0.3560288621190619 0.11686253806250975 
0.930492766827279 0.34767703054071925 0.11534250437936089 
0.9326950906064561 0.34174281514070787 0.11528970577774292 
0.9353283243014947 0.3345142417767827 0.11515705713442931 
0.937451953076813 0.32894555895980715 0.11392389965713426 
0.9401344114178204 0.32161708066400513 0.11273749107209657 
0.9419335559696839 0.3164881605083951 0.11223377564850424 
0.9443917189689659 0.30926172151578596 0.1117204938582634 
0.9469408973105914 0.3015731070355176 0.11116023620682099 
0.94939830183106 0.2947213707200603 0.10854574206843946 
0.9518294243982414 0.28650326216489713 0.10925487457584976 
0.9545029070581333 0.27847101328288465 0.10666815447347056 
0.9575757354071717 0.26882610846424476 0.10383272300861858 
0.9603973233259977 0.25966018056977996 0.10106221833468726 
0.962817494518429 0.2515920628859035 0.09840683991507003 
0.964928156186757 0.24398527804906425 0.0968753709326899 
0.9671386708159202 0.23555698268703937 0.09568541853277898 
0.9690763024855391 0.22833107445091483 0.09357371640074302 
0.9714359184794853 0.21916156636683531 0.09099705553233045 
0.9733718519016632 0.21009808283771164 0.09168442350500391 
0.9749392255614161 0.20287969759686056 0.0912871007575162 
0.9683658893096325 0.22990863982369084 0.09700268942655668 
0.9723114492894627 0.21454765604599776 0.0926269338032577 
0.9753413430449386 0.20181199236013295 0.08933747414679404 
0.9766136641713896 0.19651872838502374 0.0872131890694592 
0.9776665980728033 0.1916592635475067 0.08622499468935325 
0.9793311802109764 0.1842342718653963 0.08347558048197763 
0.9803582570044891 0.17875167429348895 0.08333982757598388 
0.981569034193729 0.17267294119451665 0.08189191957223174 
0.9834131651878252 0.1634287155364443 0.07867402032037724 
0.9843054073592106 0.15833792536275096 0.07792282358358484 
0.9854761867285036 0.15175167428239628 0.07621098833854055 
0.9866081881177229 0.14508978938370592 0.0745200386181852 
0.9875466244837237 0.1390925745478652 0.07351816222165654 
0.9886755593019478 0.13077364109754008 0.07361313220528376 
0.9894615751105843 0.1253399197106372 0.07249617856558066 
0.9899491553520159 0.12159216488570788 0.07222198596159639 
0.9905571706102643 0.11639721521135599 0.07244432375023625 
0.9910237463769809 0.11097386215007074 0.07454351773581933 
0.9914986355025057 0.1053818100366013 0.07632253867684885 
0.9919296257860402 0.10042184067022517 0.07740201162999774 
0.9922795982063122 0.0956171380781124 0.07898456741206299 
0.9926661738092803 0.09059602157335062 0.08003891709615206 
0.9931092356940644 0.08507759997779657 0.08059682351786157 
0.9937517884613535 0.07851776227803609 0.07932429600513975 
0.9945241672142904 0.0678747678988993 0.07946506596859186 
0.9948651308615438 0.05943591759000008 0.08191912533760334 
0.9948116394264358 0.057292758252289126 0.08406748428216368 
0.9950451637888458 0.053105558716156485 0.08405308830658122 
0.9950778798692079 0.04962342341952591 0.08577603886359401 
0.9951699020766026 0.047310060334294135 0.08601525557719783 
0.9943595651412409 0.04719883835709996 0.09498065524022586 
0.9941198576085818 0.04646742240629306 0.09780842173968403 
0.9940990639621287 0.04428415522565288 0.09902507069207303 
0.9940508028663334 0.041149366418185854 0.10084508398618042 
0.9940702163727495 0.03816893135720354 0.10182110586555294 
0.9940729385964716 0.03800814480771008 0.1018546693993549 
0.9942309994182355 0.03625003969455933 0.100948771255323 
0.9942333763805683 0.03670520919740527 0.10076071113618613 
0.9942620130855401 0.03637775291701396 0.1005967615174481 
0.9943539306235922 0.03570213029983148 0.09992806685544463 
0.9943595989264387 0.036747587241617495 0.09949172254399685 
0.9944387299775274 0.03649633377422119 0.09879083936136515 
0.99448417779466 0.037404053667894364 0.09799059590230252 
0.9944859185224798 0.037494543344462006 0.09793833304631022 
0.9943342221267538 0.03816805552319941 0.09921015192590614 
0.993945507220694 0.04106906978056553 0.10191005928345138 
0.9938681952680604 0.04179378872504336 0.10236840166093752 
0.9938065698870641 0.04082675749648999 0.1033522013390661 
0.9938192291040779 0.04062772424203862 0.1033088954828634 
0.9938558800340174 0.04007727621874098 0.1031712249258269 
0.9937297418168227 0.03891171267326899 0.10481926752989586 
0.9936782380844085 0.039454755636982766 0.1051041455656789 
0.9936526603641295 0.04044993528858659 0.10496758207388218 
0.9932614694842392 0.04069468964223005 0.10851541583080397 
0.9926515508825247 0.04335193110678621 0.11297569915619478 
0.9925524327015272 0.045729225070236024 0.11290928355434734 
0.9918646459837535 0.047965268254041564 0.11791461779118552 
0.9915839225574752 0.04853379130917692 0.12002414601524346 
0.9911316852452999 0.05018024813818707 0.123044403365621 
0.990793750237994 0.04976463516913823 0.12590165040941284 
0.9906358422841715 0.07579805194522869 0.11355740091794399 
0.9909944039016951 0.07236465586049651 0.1126652032249346 
0.9908121784920139 0.07155027122779549 0.11476840000252038 
0.9906001664472083 0.07200728115517314 0.11630245782184861 
0.9904785673494525 0.0715754845306745 0.11759743889887767 
0.990505016857463 0.07368422214545338 0.11606225479033415 
0.9904122272780208 0.07371679947088669 0.11683087577331266 
0.9900796365262999 0.07438791174476457 0.11920046947140191 
0.9900876373578071 0.0753646183883212 0.11851854136133326 
0.989601036841226 0.077394445584605 0.12124309331018537 
0.9894266826255428 0.08024155863011495 0.12081445268353908 
0.9892224060124994 0.07998098463416212 0.12264613136903998 
0.9889402088228957 0.0800201093031613 0.12487612053726597 
0.9887139480988655 0.07973994026655966 0.12683166308552157 
0.9887260464827785 0.0797705806026863 0.12671803138008755 
0.9883667494486996 0.08112391175357091 0.12864711238893056 
0.9883406946807833 0.08091774971638455 0.12897669951872454 
0.9882377120617675 0.0809408563965335 0.1297489970085285 
0.9881380145964916 0.08158145088769453 0.13010661389937994 
0.9879934738037843 0.0807479864068366 0.1317143060277524 
0.987820450387772 0.07954694457455473 0.13372748933765255 
0.9879530691692857 0.0780781960111029 0.1336133542226982 
0.9881261981917109 0.07694696546460111 0.13298789776887673 
0.9881515654843456 0.07686332249337145 0.13284770711652194 
0.9877414591798768 0.07906956477915386 0.13459128405228576 
0.9874642652476848 0.08004188850375583 0.13604271734864107 
0.9868638460578344 0.08333448039847134 0.1384020004214383 
0.9862728921696297 0.08736565618823186 0.14011789425392318 
0.9861300190377369 0.08898125729431862 0.1401068214005114 
0.9862813345722139 0.08909676775384247 0.1389636465060939 
0.966761502549074 0.1874832151633552 0.1738454521149971 
0.9678574096769735 0.1838726747954663 0.17158925956172116 
0.9686100417630125 0.1803570205608438 0.17107288543270274 
0.9691192904801498 0.17549443891994668 0.17323251059608955 
0.9688686677017029 0.17458007390247157 0.1755428794971044 
0.9696196237109721 0.1712559077893668 0.17466882767635653 
0.969980916261786 0.17142926443252549 0.1724790694086376 
0.9700486904525569 0.16933676616253662 0.17415681949580342 
0.970163297474153 0.1680854829938398 0.17472963870164068 
0.9710605705449067 0.16112062501145852 0.17629949667800301 
0.9717721253146592 0.1575811900032063 0.17557649335433212 
0.973514795291942 0.15129896467847265 0.17139885249006387 
0.9752402068422984 0.14287629553277711 0.16879840974672033 
0.9763979637378819 0.13615875792211185 0.16765383696660702 
0.9765570469634413 0.1337173880676629 0.16868904574513827 
0.9772145454749258 0.1280372705895846 0.16928729855545532 
0.9779825881685726 0.1187181207272907 0.17162769313278256 
0.9777644119172068 0.11519005507847543 0.17523699951556082 
0.9779728224197632 0.11000337562999035 0.1773933932206312 
0.9783614392209844 0.1045617955328958 0.17853774155729965 
0.9791594674520201 0.0996303367243959 0.1769760811614378 
0.9790629485026582 0.09539219699938703 0.17982233348756044 
0.979363190098024 0.09441520750257475 0.1786994976861085 
0.9801802860534977 0.0903875438829417 0.17628584385279675 
0.9805093217982668 0.08711848818319957 0.17610178557691122 
0.980964209928691 0.08360497374449916 0.17526958436694226 
0.9815953870631996 0.07633157779633291 0.17505423824452196 
0.9822716334473781 0.07342988690303853 0.17248330305866352 
0.9828085064071924 0.07140846389095616 0.17025942270076425 
0.9833404024176604 0.06983253702926848 0.16782452069089804 
0.98329234709387 0.0735140270297955 0.1665288202579084 
0.983823632097884 0.07281474551034016 0.1636736807247636 
0.9847810338516324 0.07061783456281516 0.15880628705365776 
0.9850655668127724 0.07063953090083697 0.15702192762140324 
0.9856403556779241 0.06914912558465341 0.15405027650079972 
0.986099409349688 0.06857132338631441 0.15134704651642816 
0.9862034734187286 0.0680222311611997 0.15091615249762846 
0.9867436518799977 0.0678578937720407 0.1474186953115118 
0.9866207637788269 0.06778835847520823 0.14827072177514045 
0.9869816395777564 0.06720459441983884 0.1461190802916193 
0.9871032819389957 0.06699324889529155 0.1453926249426603 
0.9870665980229628 0.06580995951493374 0.14617995859904134 
0.9872237424653951 0.06480841292319019 0.14556494058322084 
0.9873390645288601 0.06500235060132957 0.1446936974148397 
0.9875143335995026 0.06583271527892276 0.143113572153499 
0.9877152783858689 0.06640905460938767 0.14145093251376237 
0.9881010613478239 0.06580280022695048 0.13901900605886855 
0.9883511885259045 0.06450568911185373 0.13784391249393943 
0.9885437613931016 0.06504303180188022 0.13620071888502708 
0.9884590333739207 0.06589491969659661 0.13640600756445215 
0.9885811347982468 0.06676968061747596 0.1350894136165043 
0.9883741199176385 0.06723201543765235 0.13636882039977125 
0.9886081673300904 0.0674002978486943 0.13457745479145983 
0.9887588820092753 0.06697007022935832 0.13368202175776256 
0.9888254393360455 0.06745217605474074 0.1329453063005873 
0.9889475504051611 0.06740612860006018 0.13205739803124833 
0.9890597167183857 0.06779726712711416 0.13101300445009736 
0.9893553314399082 0.06675684131936833 0.1293041077788711 
0.9892158281846207 0.066533566745026 0.13048114716387355 
0.9893217095481015 0.06644514785466263 0.12972122934737285 
0.9899183109843445 0.08650295265352582 0.11215603755538467 
0.9903676602693573 0.07940074943800456 0.11343464409642309 
0.990674139568295 0.07620659828592972 0.1129482340203036 
0.990781280988771 0.07427459713884779 0.11329491366390446 
0.990856066567504 0.07329909785384843 0.11327620050207317 
0.9907186956783454 0.07174911095776441 0.11544925772896311 
0.990769801723808 0.07026258615676872 0.11592397930854853 
0.9907428892021072 0.06926413070577934 0.11675190659271471 
0.9906215799276247 0.06919958196968538 0.11781469873032552 
0.9905133630479139 0.07006989018743813 0.11820950940018189 
0.9904901623652036 0.06968699056191716 0.11862951405184027 
0.9904799146195018 0.06888101379265658 0.11918449846452578 
0.9903673505845465 0.06891818516443109 0.12009494015064517 
0.9903038553453348 0.06902925436380623 0.12055387231500675 
0.9903089542889104 0.06896736312598227 0.12054740925732776 
0.9899331723579194 0.07172616536091787 0.12201504607221092 
0.9898917895180678 0.07167255677527586 0.12238173740396215 
0.989912287375664 0.07120839573401476 0.12248684696598602 
0.9900647842953035 0.07093802224284664 0.12140642445343483 
0.9901460320694497 0.07036422873895855 0.12107729139312595 
0.9901222876363092 0.07072135502439597 0.12106339442356209 
0.9900140568082195 0.0722168547516707 0.12106565661618368 
0.9900593678368237 0.07371565350489027 0.11978501820718629 
0.990142705734433 0.07348564985111136 0.11923624258947398 
0.990152423606168 0.07395920026417635 0.11886216691241722 
0.9900132808938861 0.0753881869056327 0.11912315026393759 
0.989986051892576 0.07532934450621556 0.11938637658633233 
0.9898770592785586 0.07496163182492899 0.12051622823577339 
0.9900481046148694 0.07589780718668576 0.11850853729903843 
0.9900279097156602 0.07869374650912726 0.11684191133492206 
0.989738238606548 0.08384490424247919 0.11570761026214807 
0.9896626891204381 0.08267625419468844 0.1171853180020371 
0.9899188862569116 0.08276659090420212 0.1149360259534504 
0.9898777393389141 0.08272905403649285 0.11531680180922466 
0.9900188822737118 0.0830225867948969 0.11388530556394894 
0.9898379028510718 0.08349174565174788 0.11510888101018149 
0.9897221971356817 0.08324327601548925 0.11627781170596525 
0.9894935469737572 0.08310096462457241 0.11830786185101339 
0.989225054529649 0.08283153794053867 0.12071755387356914 
0.9888856367480714 0.08150654952090552 0.12434580740241097 
0.9887319039629076 0.08075901810994741 0.12604444882580576 
0.9887741907471522 0.080835609116912 0.1256630574632509 
0.9887843769998821 0.07980378831222973 0.12624108353452854 
0.988856045382533 0.08085690669983266 0.12500352854760605 
0.9890313469344681 0.07983196832539803 0.12427329405099187 
0.9882988065414585 0.084053383417316 0.1272811758463538 
0.9884049842673033 0.08256016373394784 0.12743392970388856 
0.988580122803845 0.08182281018333945 0.1265478902662384 
0.9884496130037174 0.08284160394048852 0.1269040236137859 
0.9885047200483115 0.0820160881358424 0.1270109433438827 
0.988409413827447 0.08213401514722785 0.1276747203367902 
0.9881378160461077 0.08434961685983546 0.12833081716886074 
0.9880970108676141 0.08404143820702174 0.12884616322801923 
0.9880689346027051 0.08373907323643155 0.1292576809577629 
0.9877427969591025 0.08397760392815865 0.1315748041757793 
0.9873014199989276 0.08565873353724074 0.133785228769462 
0.9869942373768658 0.08686532084802438 0.13526563280755793 
0.9864213417824139 0.08942544719128426 0.13775349676440538 
0.9861623967701827 0.08801833383966665 0.14048665454262063 
0.9852771974736949 0.09144106715761519 0.14445544425689913 
0.9816985261125772 0.13579307347826328 0.13352245138447916 
0.9821548012303309 0.13136600557985847 0.13459167507019804 
0.9816883314842999 0.131572965648271 0.1377554882321937 
0.9817565378279256 0.13010235468250403 0.13866318090319785 
0.9818932500091709 0.1270457732950222 0.14051696365313818 
0.9815639614204683 0.12704683700059685 0.14279807718838947 
0.9815062853479541 0.12424208320686125 0.14563418754839036 
0.9808702574172848 0.12583736557514538 0.14852102726299998 
0.9801073026455699 0.1248859223968184 0.15425038634610014 
0.9794285016572393 0.12723087397636568 0.15662731194994517 
0.9793692057192951 0.1254444913032145 0.15842865425936917 
0.979075694067504 0.1258654756059866 0.15990205544868402 
0.9790144307012242 0.12397056856892812 0.16174684728752672 
0.9785737609408601 0.12314172781807033 0.16501366388284494 
0.9786038016428854 0.12311414788500764 0.1648560159673915 
0.9771474724422528 0.12712875204415586 0.17035579680014515 
0.9771543779540625 0.12690610497759072 0.17048214617556273 
0.9765835832124782 0.12954641597297945 0.17176213525813155 
0.9765983036863221 0.12943582834995923 0.1717618105876808 
0.9762331698997293 0.1288738334089486 0.17424216782974475 
0.976501015903686 0.1276195937426564 0.17366348272457482 
0.9768092506965703 0.12670990499248286 0.17259283800436445 
0.9769696031828735 0.12711135595107045 0.17138581518019216 
0.9773576039134894 0.1265239873348928 0.1695989230548439 
0.9774110713730493 0.12524794055915323 0.17023674968431074 
0.9774295830934975 0.12450420750971344 0.17067545929643718 
0.9772766552876423 0.12384087150354603 0.17202842083516615 
0.9768621368514263 0.12200090316610349 0.17565917343742765 
0.9763550746425628 0.12281124601884194 0.17789931441974416 
0.9761686357232261 0.12232200040922298 0.179254352377122 
