45
100000000000000000000010000000000000000000000000000000000000000000000000000000000000000000000000000
100000000000000000000010000000000000000000000000000000000000000000000000000000000000000000000000000
100000000000000000000010000000000000000000000000000000000000000000000000000000000000000000000000000
100000000000000000000010000000000000000000000000000000000000000000000000000000000000000000000000000
100000000000000000000010000000000000000000000000000000000000000000000000000000000000000000000000000
100000000000000000000010000000000000000000000000000000000000000000000000000000000000000000000000000
100000000000000000000010000000000000000000000000000000000000000000000000000000000000000000000000000
100000000000000000000010000000000000000000000000000000000000000000000000000000000000000000000000000
100000000000000000000010000000000000000000000000000000000000000000000000000000000000000000000000000
100000000000000000000010000000000000000000000000000000000000000000000000000000000000000000000000000
100000000000000000000010000000000000000000000000000000000000000000000000000000000000000000000000000
100000000000000000000010000000000000000000000000000000000000000000000000000000000000000000000000000
100000000000000000000010000000000000000000000000000000000000000000000000000000000000000000000000000
100000000000000000000010000000000000000000000000000000000000000000000000000000000000000000000000000
100000000000000000000010000000000000000000000000000000000000000000000000000000000000000000000000000
101010101010101000000010101010101010101010101010101010101010101010101010101010101010101010101010101
101010101010101000000010101010101010101010101010101010101010101010101010101010101010101010101010101
101010101010101000000010101010101010101010101010101010101010101010101010101010101010101010101010101
101010101010101000000010101010101010101010101010101010101010101010101010101010101010101010101010101
100000000000000000000010000000001010101000101010101010101010100010101010101010101010101010101010101
100000000000000000000010000000001010101000101010101010101010100010101010101010101010101010101010101
100000000000000000000010000000001010101000101010101010101010100010101010101010101010101010101010101
100000000000000000000010000000001010101000101010101010101010100010101010101010101010101010101010101
100000000000000000000010000000001010101000101010101010101010100010101010101010101010101010101010101
100000000000000000000010000000001010101000101010101010101010100010101010101010101010101010101010101
100000000000000000000010000000101010101000101010101010101010100010101010101010101010101010101010101
100000000000000000000010000000001010101000101010101010101010100010101010101010101010101010101010101
100000000000000000000010000000001010101000101010101010101010100010101010101010101010101010101010101
100000000000000000000010000000001000101000101010101010100010101010101010101010101010101010101010101
100000000000001010000010001010101000101010101010101010100010101010101010101010101010101010101010101
100000000000001000000010000010000010101010101010101010101010101010101010101010101010101010101010101
101000001000100000101010101000101010101010101010101010101010101010101010101010101010101010101010101
101000001000100000101010101000101010001010101010101010101010101010101010101010101010101010101010101
101000001000100000101010101000101010001010101010101010101010101010101010101010101010101010101010101
101000001000000000101010101010101010001010101010101010101010101010101010101010101010101010101010101
001000001000000000001010101010101010101010101010101010101010101010101010101010101010101010101010101
001000001000000000001010101010101010101010101010101010101010101010101010101010101010101010101010101
000000001000000000001010101000101010101010101010101010101010101010101010101010101010101010101010101
000000001000000000001010101000101010101010101010101010101010101010101010101010101010101010101010101
000000001000000000001010101000101010101010101010101010101010101010101010101010101010101010101010101
000000001000000000001010101000101010101010101010101010101010101010101010101010101010101010101010101
000000001000000000001010101000101010101010101010101010101010101010101010101010101010101010101010101
000000001000000000001010101000101010101010101010101010101010101010101010101010101010101010101010101
000000001000000000001010101000101010101010101010101010101010101010101010101010101010101010101010101
000000001000000000001010101000101010101010101010101010101010101010101010101010101010101010101010101
000000000010100000001010101000101010100010101010101010101010101010101010101010101010101010101010101
000000000010100000001010101000101010100010101010101010101010101010101010101010101010101010101010101
000000000010100000001010101000101010100010101010101010101010101010101010101010101010101010101010101
000000000010100000001010101000101010100010101010101010101010101010101010101010101010101010101010101
000000000010000000001010101000101010100010101010101010101010101010101010101010101010101010101010101
000000000010000000001010101000101010100010101010101010101010101010101010101010101010101010101010101
000000000000000000001010101000101010100010101010101010101010101010101010101010101010101010101010101
000000000000000000001010101000101010100010101010101010101010101010101010101010101010101010101010101
000000000000000000001010101000101010100010101010101010101010101010101010101010101010101010101010101
000000000000000000001010101000101010100010101010101010101010101010101010101010101010101010101010101
000000000000000000001010101000101010100010101010101010101010101010101010101010101010101010101010101
000000000000000000001010101000101010100010101010101010101010101010101010101010101010101010101010101
000000000000000000001010101000101010100010101010101010101010101010101010101010101010101010101010101
000000000000000000001010101000101010100010101010101010101010101010101010101010101010101010101010101
000000000000000000001010101000101010100010101010101010101010101010101010101010101010101010101010101
000010000010000000001000001000001010101000101010101000101010101010101010101010101010101010101010101
000000000010000000001000101000001010101000101010101000101010101010101010101010101010101010101010101
000000000010000000001000101000001010101000101010101010101010101010101010101010101010101010101010101
000000000010000000001000101000001010101010101010101010101010101010101010101010101010101010101010101
000000000010000000001000101000001010101010101010101010101010101010101010101010101010101010101010101
000000000010000000001000101000001010101010101010101010101010101010101010101010101010101010101010101
000000000010000000001000101000001010101010101010101010101010101010101010101010101010101010101010101
000000000010000000001000101000001010101010101010101010101010101010101010101010101010101010101010101
000000000010000000001000101000001010101010101010101010101010101010101010101010101010101010101010101
000000000010000000001000100000001010101010101010101010101010101010101010101010101010101010101010101
000000000010000000001000100000001010101010101010101010101010101010101010101010101010101010101010101
000000000010000000001000100000001010101010101010101010101010101010101010101010101010101010101010101
000000000010000000001000100000001010101010101010101010101010101010101010101010101010101010101010101
000000000010000000001000100000001010101010101010101010101010101010101010101010101010101010101010101
000000000010000000001000100000001010101010101010101010101010101010101010101010101010101010101010101
000000000010000010001000000000001010101000100000101010101010101010001010101010101010101010101010101
000000000000000000000000000000000010101000101010100010001010100010101010001000101010001010101000100
000000000000000000000000000000000010101000101010100010001010100010101010001000101010001010101000100
000000000000000000000000000000000010101000101010100010001010100010101010001000101010001010101000100
000000000000000000000000000000000010100000101010100010001010100010101010001000101010001010101000100
000000000000000000000000000000000010100000001010100010001010100000101010001000101010000010101000100
000000000000000000000000000000000010100000001010100010001010100000101010001000101010000010101000100
000000000000000000000000000000000010100000001010100010001010100000101010001000101010000010101000100
000000000000000000000000000000000010100000101010100010001010100010101010001000101010001010101000100
000000000000000000000000000000000010100000001010100010001010100010101010001000101010001010101000100
000000000000000000000000000000000010100000001010101010001010101000101010101000101010100010101010100
000000000000000000000000000000000010100000001010101010001010100000101010101000101010000010101010100
000000000000000000000000000000000010101000001010101010001010100000101010101000101010000010101010100
000000000000000000000000000000000010101000001010101010001010100000101010101000101010000010101010100
000000000000000000000000000000000010101000001010101010001010100000101010101000101010000010101010100
000000000000000000000000000000000010101000001010101010001010100000101010101000101010000010101010100
000000000000000000000000000000000010101000001010101000001010100000101010101000101010000010101010100
000000000000000000000000000000000010101000001010101000001010101000101010101000101010000010101010100
000000000000000000000000000000000010101000001010101000001010101000101010101000101010000010101010100
000000000000000000000000000000000010101000001010101000001010101000101010101000101010100010101010100
000000000000000000000000000000000010101000001010101010001010101000101010101000101010100010101010100
000000000000000000000000000000000010101000001010101010001010100000101010101000101010100010101010100
000000000000000000000000000000000010101000001010101000001010100000101010100000101010000010101010000
000000000000000000000000000000000010101000001010101000001010101000101010101000101010100010101010100
000000000000000000000000000000000010101010001010101000001010101000101010100000101010100010101010000
000000000000000000000000000000000010101010001010101000001010101000101010100000101010100010101010000
000000000000000000000000000000000010101010001010101000001010101000101010100000101010100010101010000
000000000000000000000000000000000010101000001010101000001010101000101010100000101010100010101010001
000000000000000000000000000000000010101000001010101000101010100000101010100010101010000010101010001
000000000000000000000000000000000010101000001010101000101010101000101010100010101010100010101010001
000000000000000000000000000000000010101000001010101000001010100000101010100000101010000010101010000
000000000000000000000000000000000010101000001010101000001010100000101010100000101010000010101010000
000000000000000000000000000000000010101000001010101000001010100000101010100000101010000010101010000
000000000000000000000000000000000010101000001010101000001010100000101010100000101010000010101010000
000000000000000000000000000000000010101000001010101000001010100000101010100000101010100010101010000
000000000000000000000000000000000010101000001010101000001010100000101010000000101010100010101000000
000000000000000000000000000000000010101000001010101000001010100000101010100000101010100010101010000
000000000000000000000000000000000010101000001010100000001010100000101010000000101010100010101000000
000000000000000000000000000000000010101000001010100000001010100000101010000010101010100010101000001
000000000000000000000000000000000010101000001010100000101010100000101010000010101010000010101000001
000000000000000000000000000000000010101000001010100000101010100000101010000010101010000010101000001
000000000000000000000000000000000010101000001010101000101010100000101010100010101010000010101010001
000000000000000000000000000000000010101000001010101000101010100000101010100010101010000010101010001
000000000000000000000000000000000010101000001010101000101010100000101010100010101010000010101010001
000000000000000000000000000000000010100000001010101000101010100000101010100010101010000010101010001
000000000000000000000000000000000010100000001010101000101010000000101010100010101010000010101010001
000000000000000000000000000000000010100000001010100000101010100000101010100010101010000010101010001
000000000000000000000000000000000010100000001010101000101010100000101010100010101010000010101000001
000000000000000000000000000000000010100000001010101000101010100000101010100010101010000010101010001
000000000000000000000000000000000000101010000000101010100010101010000010101010001010101000001010101
000000000000000000000000000000000000101010000000101010100010101010100010101010001010101010001010101
000000000000000000000000000000000000101010001000101010100010101010100010101010001010101010001010101
000000000000000000000000000000000000001010101000101010100010101010100010101010001010101010001010101
000000000000000000000000000000000000001010001000101010100000101010100010101010000010101010001010101
000000000000000000000000000000000000001010001000101010100000001010100010101010000010101010001010101
000000000000000000000000000000000000001010001000101010100000101010100010101010000010101010001010101
000000000000000000000000000000000000001010101000101010100000101010100010101010000010101010001010101
000000000000000000000000000000000000000010101000101010100000101010100010101010000010101010001010101
000000000000000000000000000000000000001010101000101010100000101010100010101010000010101010001010101
000000000000000000000000000000000000000010101000101010100000101010100010101010000010101010001010101
000000000000000000000000000000000010001010101000101010101010101010100010101010101010101010001010101
000000000000000000000000000000000010101010101000101010101010101010100010101010101010101010001010101
000000000000000000000000000000000010101010101000101010101010101010100010101010101010101010001010101
000000000000000000000000000000000010101010101000101010101010101010100010101010101010101010001010101
000000000000000000000000000000000010101010101000101010101010101010100010101010101010101010001010101
000000000000000000000000000000000010101010101000101010101010101010100010101010001010101010001010101
000000000000000000000000000000000010101010101000101010101010101010100010101010101010101010001010101
000000000000000000000000000000000010101010101000101010101010101010100010101010101010101010001010101
000000000000000000000000000000000010101010101000101010101010101010100010101010101010101010001010101
000000000000000000000000000000000010101010101000101010101010101010100010101010101010101010001010101
000000000000000000000000000000000010101010101010001010101010101010101010101010101010101010101010101
000000000000000000000000000000000010101000001010101010101010101010101010101010101010101010101010101
000000000000000000000000000000000010101000001010101010101010101010101010101010101010101010101010101
000000000000000000000000000000000010101000001010101010101010101010101010101010101010101010101010101
000000000000000000000000000000000010100000001010101010101010101010101010101010101010101010101010101
000000000000000000000000001000000010100000001010101010101010001010101010101010101000101010101010101
000000000000000000000000000000000010100000001010101010101010001010001010101010001000101000001010101
000000000000000000000000000000000010100000001010101010101010001010001010101010101000101000101010101
000000000000000000000000000000000010100000001010101010101010001010001010101010101000101000101010101
000000000000000000000000000000000010100010001010101010101010001010001010101010101000101000101010101
000000000000000000000000000000000010100010001010101010100010001010001010101010101000101000101010101
000000000000000000000000000000000010100010001010101010100010001010001010101010101000101000101010101
000000000000000000000000000000000010100010001010101010100010001010001010101010101000101000101010101
000000000000000000000000000000000010100010001010101010100010001010001010101010101010101000101010101
000000000000000000000000000000000010000010001010101010100010001010001010101010001010101000101010101
000000100000000000000000000000000010100010001010101010100010001010001010101010001010101000101010101
001000000000000000000000000000000010100000001010101010100010001010101010101010001000101010101010101
000000000000000000000000000000000010100010001010101010100010001010100010101010001000101010001010101
000000000000000000000000000000000010100010001010101010100010001010100010101010101000101010001010101
000000000000000000000000000000000010100010001010101010100000001010100010101010101000101010001010101
000000000000100000000000000000000010100010001010101010101000001010100010101010101000101010001010101
001000000000100000000000000000000010100010001010101010101000001010100010101010101000101010001010101
000000000000100000000000000000000010100010001010101010101000001010101010101010101000101010001010101
000000000000000000000000000000000010100010001010101010101000001010101010101010101000101010101010101
000000000000000000000000000000000010101010100010001010101010101010001000101010101010101000100010101
000000000000000000000000000000000010101010101010001000101010101010101000101010101010101010100010101
000000000000000000000000000000000000101010101010001000101010101010101000101010101010101010100010101
000000000000000000000000000000000000101010101010001010101010101010101000101010101010101010100010101
000000000000000000000000000000000000101010101010001000100010101010101000101010101010101010100010101
000000000000000000000000000000000000101010101010001000101010101010101000101010101010101010100010101
000000000000000000000000000000000000101010101010001000100010101010101000101010001010101010100010101
000000000000000000000000000000000000101010101010001000100010101010101000101010001010101010100010101
000000000000000000000000000000000000101010101010001000100010101010101000101010001010101010100010101
000000000000000000000000000000000000101010101010001000101010101010101000101010101010101010100010101
000000000000000000000000000000000000101010101010001000101010101010101000101010101010101010100010101
000000000000000000000000000000000000101010101010001000101010101010101000101010101010101010100010101
000000000000000000000000000000000000101000101010001000101010101010101000101010001010101010100010101
000000000000000000000000000000000000101000101010001000101010101010101000101010001010101010100010101
000000000000000000000000000000000000101000101010001000101010101010101000101010101010101010100010101
000000000000000000000000000000000000100000101010101000100010101010101010101010001010101010100010001
000000000000000000000000000000000000100000101010101000100010101010101010101010001010101010100010001
000000000000000000000000000000000000101000101010100000100010101010101010101010101010101010100010001
000000000000000000000000000000000000000000101010101000100010101010101010100010001010101010101010001
000000000000000000000000000000000000101000101010101000100010101010101010100010001010101010101010001
000000000000000000000000000000000000101000101010101000100010101010101010100010001010101010101010001
000000000000000000000000000000000000001000101010101000100010101010101010100010001010101010101010001
000000000000000000000000000000000000001000101010101000100010101010101010101010001010101010101010001
000000000000000000000000000000000000001000101010101000100010101010101010100010001010101010101010001
000000000000000000000000000000000000000000101010101000100010101010101010100010001010101010101010001
000000000000000000000000000000000000101000101010101000100010101010101010101010001010101010101010001
000000000000000000000000000000000000001000101010101000100010101010101010100010001010101010101010001
000000000000000000000000000000000000001000101010101000100010101010101010100010001010101010101010001
000000000000000000000000000000000000001000101010101000100010101010101010100010001010101010101010001
000000000000000000000000000000000000001000101010101000100010101010101010100010001010101010101010001
000000000000000000000000000000000000001000101010101000100010101010101010100010001010101010101010001
000000000000000000000000000000000000000000101010101000100010101010101010100010001010101010101010001
000000000000000000000000000000000010000000101010101000101010101010101010100010101010101010101010001
000000000000000000000000000000000010000000101000101000101010101010101010100010101010101010101010001
000000000000000000000000000000000010000000101000101000101010101010101010100010101010101010101010001
000000000000000000000000000000000010000010101000101000101010101010101010100010101010101010101010001
000000000000000000000000000000000010000010101000101000101010101010101010100010101010101010101010001
000000000000000000000000000000000010001000101000101000101010101010101010100010101010101010101010001
000000000000000000000000000000000010101000101000101000101010101010101010100010101010101010101010001
000000000000000000000000000000000010101000101000101000101010101010101010100010101010101010101010001
000000000000000000000000000000000010101000101000101000101010101010101010100010101010101010001010001
000000000000000000000000000000000010101000101010101000101010101010101010100010101010101010001010001
000000000000000000000000000000000010101000101010101000101010101010101010100010101010101010101010001
000000000000000000000000000000000010101000101010101000101010101010101010100010101010101010101010001
000000000000000000000000000000000010101000101010101000101010101010101010101010101010101010101010101
000000000000000000000000000000000010101010101010101010101010101010101010101010101010101010101010101
000000000000100000000010001010000010101010001000101000001010101000100010101000101010100010001010100
100000000000000000000010001010000010001010001000101010001010101000100010101000101010100010101010100
100000000000000000000010001010000010101010001000101010001010101000100010101000101010100010001010100
000000000000000000000000000000000000100010001010001000001010101000101010100000101010100010101010000
000000000000000000000000000000000000000000001010101000100010101000101010100010001010000010101010001
000000000000000000000000000000000000001000001000101000100010100000100010101010001010000010001010101
000000000000000000000000000000000000000000001000101000100000101000101010100010001010100010101010001
000000000000000000000000000000000000101000000010101000100010101000001010101010101010100010101010101
000000000000000000000000000000000000000000100000100000100010100010001010100010001010001000101000001
000000000000000000000000000000000000000000100000100000100010100010001010100010001010001000101010101
000000000000000000000000100000000000000000100010100000100010101010001010100010001010101000101010001
000000000000000000000000000000000000000000101000100000100010100010100010100010001010001010001010001
000000000000000000000000000000000000000000100000000010100010000010000010101010001000001000001010101
000000000000000000000000000000000000000000100000100010100010000010001010101010001010001000101010101
000000000000000000000000000000000000000000100000000010100010000010001010001010001010001000100010101
000000000000000000000000000000000000000000100000000010100010000010001010001010001010101000101010101
000000000000000000000000000000000000000000100000000010100010001010001000001010001010101000100010101
000000000000000000000000000000000000000010100000000010100000001010001000001010001000101000100000101
000000000000000000000000000000000000000010100000000010100000001010001000101010000000101000100010101
000000000000000000000000000000000000000010100000000010100000001010001000101010000000101000100010101
000000000000000000000000000000000000000010100000001010100000001010001000101010001000101000100010101
000000000000000000000000000000000000001010100000000010100010101010000000101010001010101000000010101
000000000000000000000000000000000000001010100000000010100000101010000000101010000010101000000010101
000000000000000000000000000000000000000010100000001010100000001010001000101010000000101000100010101
000000000000000000000000000000000000000010100000001010100000001010001000101010000000101000100010101
000000000000000000000000000000000000000010100000001010100000001010001000101010000000101000100010101
000000000000000000000000000000000000000010100000001010100000001010000000101010000010101000000010101
000000000000000000000000000000000000000010100000001010100000001010000000101010000010101000000010101
000000000000000000000000000000000000000010100000001010100000001010000000101010000010101000000010101
000000000000000000000000000000000000000010100000001010100000001010000000101010000000101000000010101
000000000000000000000000000000000000000010100000000010100000001010000000101010000000101000000010101
000000000000000000000000000000000000000010100000001010100000001010000000101010000000101000000010101
000000000000000000000000000000000000000010100000000010100000001010000000101010000000101000000010101
000000000000000000000000000000000000000010100000000010100000001010000000101010000000101000000010101
000000000000000000000000000000000000000010100000000010100000001010000000101010000000101000000010101
000000000000000000000000000000000000000010100000000010100000001010000000101010000010101000000010101
000000000000000000000000000000000000000010100000000010100000001010000000101010000010101000000010101
000000000000000000000000000000000000000010100000000010100000001010000000101010000000101000000010101
000000000000000000000000000000000010101010101000101010101010101010101010101010101010101010101010101
000000000000000000000000000000000010101000101000101010101010101010101000101010101010101010101010101
000000000000000000000000000000000010001000101010101010101010101010101010101010101010101010100010101
000000000000000000000000000000000000001000100010101010101010101010100010101010101010101010101010101
000000000000000000000000000000000010101000101010101010101010101010101010101010101010101010101010101
000000000000000000000000000000000000101000101010101010101010101010101010101010101010101010101010101
000000000000000000000000000000000000101000101010101010101010101010101010101010101010101010101010101
000000000000000000000000000000000000101000100010101010101010101010001010101010101010101010101010101
000000000000000000000000000000000000101000100010101010101010101010001010101010101010101010101010101
000000000000000000000000000000000000101000100010101010101010101010001010101010101010101010101010101
000000000000000000000000000000000000101000100010101010101010101010001010101010101010101010101010101
000000000000000000000000000000000000101000100010101010101010101010001010101010101010101010101010101
000000000000000000000000000000000000101000100010101010101010101010001010101010101010101000101010101
000000000000000000000000000000000000101000100010101010101010100010001010101010101010001000101010101
000000000000000000000000000000000000101010100010101010101010101010001010101010101010101000101010101
000000000000000000000000000000000000101010100010101010101010101010001010101010101010101000101010101
000000000000000000000000000000000010101010100010101010101010101010001010101010101010101000101010101
000000000000000000000000000000000010101010101010101010101010101010001010101010101010101000101010101
000000000000000000000000000000000010101010101010101010101010101010101010101010101010101010101010101
000000000000000000000000000000000010101010101010101010101010101010101010101010101010101000101010101
000000000000000000000000000000000010100000101010100010101010000010101010001010101000001010101000101
000000000000000000000000000000000010101010101010100010101010000010101010001010101000001010101000101
000000000000000000000000000000000010101010101010100010101010000010101010001010101000001010101000101
000000000000000000000000000000000010101010101010100010101010000010101010001010101000001010101000101
000000000000000000000000000000000010101010101000100010101000000010100010001010000000001010001000101
000000000000000000000000000000000010101010101000100010101000000010100010001010000000001010001000101
000000000000000000000000000000000010101010101000100010101000000010100010001010100010001010001010101
000000000000000000000000000000000010101010101010100010101010000010101010001010101010001010101010101
000000000000000000000000000000000010101010101000100010101000000010100010001010101010001010001010101
000000000000000000000000000000000010101010101000100010101000100010100010101010100010101010101010101
000000000000000000000000000000000010101010101000100010101000100010100010101010100010101010001010101
000000000000000000000000000000000010101010101010100010101000100010101010101010100010101010101010101
000000000000000000000000000000000010101010101010101010101000101010101010101010101010101010101010101
000000000000000000000000000000000010101010101010101010101010101010101010101010101010101010101010101
000000000000000000000000000000000010101010101010101010101010101010101010101010101010101010101010101
000000000000000000000000000000000010101010101010101010101010101010101010101010101010101010101010101
000000000000000000000000000000000010101010101010101010101010101010101010101010101010101010101010101
000000000000000000000000000000000010101010101010101010101010101010101010101010101010101010101010101
000000000000000000000000000000000010101010101010101010101010101010101010101010101010101010101010101
000000000000000000000000000000000010101010101010101010101010101010101010101010101010101010101010101
000000000000000000000000000000000010101010101010101010101010101010101010101010101010101010101010101
000000000000000000000000000000000010101010101010101010101010101010101010101010101010101010101010101
000000000000000000000000000000000010101010101010101010101010101010101010101010101010101010101010101
000000000000000000000000000000000010101010101010101010101010101010101010101010101010101010101010101
000000000000000000000000000000000010101010101010101010101010101010101010101010101010101010101010101
000000000000000000000000000000000010101010101010101010101010101010101010101010101010101010101010101
000000000000000000000000000000000010101010101010101010101010101010101010101010101010101010101010101
000000000000000000000000000000000010101010101010101010101010101010101010101010101010101010101010101
000000000000000000000000000000000010101010101010101010101010101010101010101010101010101010101010101
000000000000000000000000000000000010101010101010101010101010101010101010101010101010101010101010101
000000000000000000000000000000000010101010101010101010101010101010101010101010101010101010101010101
000000000000000000000000000000000010101010101010101010101010101010101010101010101010101010101010101
000000000000000000000000000000000010101010101010101010101010101010101010101010101010101010101010101
000000000000000000000000000000000010101010101010101010101010101010101010101010101010101010101010101
000000000000000000000000000000000010101010101010101010101010101010101010101010101010101010101010101
000000000000000000000000000000000010101010101000101010000000101010100010101010000010101010001010101
111111111111111111111111111111111111111111110101010101010101010101010101010101010101010101010101010
111111111111111111111111111111111111111111110101010101010101010101010101010101010101010101010101010
111111111111111111111111111111111111111111110101010101010101010101010101010101010101010101010101010
000000000000000000000000000000000010101010101010101010101010101010101010101010101010101010101010101
000000000000000000000000000000000010101000001010101010101010101010101010101010101010101010101010101
100000000000000010100010101000001010101000001010100000101010100000001010100010101010000000101010001
000000000000000010100000100000001010101000000010000000101010100000001010100010101010000000101010001
100010001010000010101010101000101010101010101010100010101010101010101010101010101010101010101010101
100000001010000010101010100000101010101010101010100010101010101010101010101010101010101010101010101
100000001010000010100010100000101010101010001010100010101010101000101010101010101010101010101010101
000000000000000010100000000000001010001000000010100000101010100000001010100010101010000000101010001
000000000000000010100000000000001010001000000010100000101010100000001010000010101010000000101010001
100000001010000010100010100000101010001010001010100010101000101000101010101010101010101010101010101
100000001010000010100010100000101010101010001010100010101010101000101010101010101010101010101010101
100000000010000010100010000000001010101010001010100000101010101000101010101010101010101010101010101
100000000010000010000010100000001010101000001010100000101010101000101010101010101010101010101010101
100000000000000010000010000000000010101000001010100000101010101000101010101010101010101010101010101
100000000000000010000010000000000010101000001010100000101010101000101010101010101010101010101010101
100000000000000010000010000000000010101000001010100000101010101000101010101010101010101010101010101
100000000000000010000010100000000010101000001010100000101010101000101010101010101010101010101010101
100000000000000010000010000000000010101000001010100000101010101000101010101010101010101010101010101
101000000000001010000010100000000000101000001010100000101010101000101010101010101010101010101010101
101000000000001010000010100000000000101000001010100000101010101000101010101010101010101010101010101
100000000000001010000010100000000000101000001010100000101010101000101010101010101010101010101010101
100000000000001010000010100000000000101000001010100000101010101000101010101010101010101010101010101
000000000000000010000000100000000010101000000010100000001010100000001010000010101010000000101010001
000000000000000010000000000000000000101000000010100000001010100000001010000010101010000000101010001
100000000000001010000010100000000000101000001010100000100010101000101010101010001010101010101010101
100000000000001010000010100000000000101000001010100000100010101000101010101010001010101010101010101
100000000000001010000010100000000010101000001010100000101010101000101010101010101010101010101010101
100000000000001010000010100000000010101000001010100000101010101000101010101010101010101010101010101
000000000000000000000000000000100000000010100000001010100000001010001000101010000000101000000010101
000000000000000000000000000000000000000010100000001010100000001010000000101010000000101000000010101
000000000000000000000000000000101000000010100000001010100000001010000010101010000000101000001010101
111111111111111111111111111111111111111111111111111101011111111101111111110101111111110111111111010
111111111111111111111111111111111111111111111111111101011111110101111111110101111111110111111111010
111111111111111111111111111111111111111111111111111101011111110101111111110101111111010111111111010
111111111111111111111111111111111111111111111111111101011111110101111111110101111111010111111111010
000000000000000000000000000000101000001010100000101010100010101010000010101010001010101000001010101
000000000000000000000000000000000000001010100000101010100010101010000010101010001010101000001010101
000000000000000000000000000000000000001010100000101010100010101010000010101010001010101000001010101
000000000000000000000000000000000000001010100000101010100010101010000010101010001010101000001010101
000000000000000000000000000000000000001010100010101010100010101010001010101010001010101000101010101
000000000000000000000000000000000000101010100010101010100010101010001010101010001010101000101010101
000000000000000000000000000000000000001010100010101010100010101010001010101010001010101000101010101
000000000000000000000000100000000000101010100010101000100000101010001010101010001010101000101010101
001000000000001000000000101010001000101010100010101000100010101010101010100010001010101010101010001
000000000000000000000000100010001000101010100010101000100010101010001010100010001010101000101010001
000000000000000000000000101010001000101010100010101000100010101010001010100010001010101000101010001
000000000000001000000000101010001000101010100010101000100010101010101010100010001010101010001010001
000000000000000000000000100000000000001010100010101000100000101010001010100010000010101000101010001
000000000000000000000000000000000000100000100010100010100010101010001010101010001010101000101010001
000000000000000000000000000000000000000000100010100010100000101010001010101010000010101000101010101
000000000000000000000000000000000000000000100010100010100000101010001010101010000010101000101010101
000000000000000000000000000000000000000000100010101010100000101010001010101010000010101000101010101
000000000000000000000000000000000000001000000010101010100000101010001010101010000010101000101010101
000000000000000000000000000000000000001000000010101010100000101010001010101010000010101000101010101
000000000000000000000000000000000000001000000000101010100000101010000010101010000010101000001010101
000000000000000000000000000000000010001010000000101010101000101010000010101010100010101000001010101
000000000000000000000000000000000000101000000000101000100010101010000010101010001010101000001010101
000000000000001000000000000000000010101010000000101010101010101010000010101010101010101000001010101
000000000000000000000000000000000010101000000000101000101010001010000010101010101010101000001010101
100010000010101000000000000000001000100010000000101010100000001000000000101010000010101010000010101
000000000000100000000000100000001010101000000010101010100000101000001000101010000010101010100010101
101010000000100000100000000000001010001010000000101010100010101000000000101010001000101010000010101
101010101000101000101000001010101010101010000000101010100000101010000000101010001000101010000010101
111111111111111111111111111111111111111111110101111111110111111111010101111111011101111101010101111
101010001000101000001000001010101010101010100000101010100010101010000010101010001000101000001000101
101010101000101000101000101010001010101010100000101010100000101010000010101010000000101000001000101
101000101000101000001000001010101010101000100000101010100000101010000010101010000000101000001000101
101000100000100010000000000010101010101000100000001010100000101010000000101010000010101000000000101
101000100000100000000000000010001010101000100000101000100000101010000000101010000010101000000000101
100010000000100000001000001000001010100000100000101000100000001010000000101010000010101000000000101
111111111111111111111111111111111111111111111101111111010101111111010101111101010111111101010101110
111111111111111111111111111111111111111111111101111111010101111111010101111101010101111101010111110
111111111111111111111111111111111111111111110101111111110101111111010101111111010101111101010111111
101010000010100010100000101010001010101010100000101010100000101010000000101010000000101000000010101
101010100010101010100000101010001010101010100000101010100000101010000000101010000000101000000010101
100000000010100000000000000010101010101010100000101010100000101010000000101010000000101000000000101
000000000000000010000000000000000010101010100000101010100000101010000000001010000000101000000000101
111111111111111111111111111111111111111111110101010101010101010101010101010101010101010101010101010
111111111111111111111111111111111111111111110101010101010101010101010101010101010101010101010101010
111111111111111111111111111111111111111111110101010101010101010101010101010101010101010101010101010
111111111111111111111111111111111111111111110101010101010101010101010101010101010101010101010101010
000000000000000000000000000000000010101010101010101010101010101010101010101010101010101010101010101
000000000000000000000000000000000010101010101010101010101010101010101010101010101010101010101010101
000000000000000010000010100000000010101000001010000000001010101010101010001010101010101010101010101
100010000000001010000010001000000010101000001010000000001010100000101000001000101010101010100000101
000000000000000000000010000000000000100000001010000000001010000000101000001000101000100010100000100
000000000000000000000010000000000000100000001010000010001010000000101000001000101000100010100000100
000000000000000000000010000000000010100000001010000010001010000000101000001000101000000010100000100
000000000000000000000010000000000010100000001000000010001010000000101000001000101000000010100000100
000000000000000000000010000000000010100000001000000000001010000000101000001000101000000010100000100
000000000000000000000000001000000010100000001000100000001010000000101010001000101000000010100000100
000000000000000000000000001000000010000000001000100000001010000000101010001000101000000010100000100
000000000000000000000000001000000010000000001000100000001010000000101010001000101000100010100000100
000000000000000000000000000000000010000000001000100000001010000000101010001000101000100010101000100
000000000000000000000000000000000010000000001000100000001010000000101010001000101000000010101000100
000000000000000000000000000000000010000000001000100000001010000000101010000000101000000010101000100
000000000000000000000000000000000010000000001010100000001010000000101010000000101000000010101000100
000000000000000000000000000000000010000000001010100000001010000000101010000000101000001010101000000
000000000000000000000000001000000010000000001010100000001010000010101010000000101000001010101000000
000000000000000000000000100000000010000000001010100000001010001010101010000000101000101010001000000
000000000000000000100000100000000010000010001010100000001010001010101010000000101000101010001000000
000000000000000000000000000000000010101000000000001010101010101000101010101010101010100010101010001
000000000000000000000000000000000010101000000000101010101010101000101010101010101010100010101010001
000000000000000000000000000000000010101000000000101010101010101000101010101010101010100010101010001
000000000000000000000000000000000010101000000000101010101010101000101010101010101010100010101010001
000000000000000000000000000000000010101000000000101010101010101000101010101010101010100010101010001
000000000000000000000000000000000010101000000000101010101010101000101010101010101010100010101010001
000000000000000000000000000000000010101000000000101010101010101000101010101010101010100010101010001
000000000000000000000000000000000010101000000000101010101010101000101010101010101010100010101010001
000000000000000000000000000000000010101000000000101000101010101000101010100010101010100010101010001
000000000000000000000000000000000010101000000000101000101010101000101010100010101010100010101010001
000000000000000000000000000000000010101000000000101000101010101000101010100010101010100010101010001
000000000000000000000000000000000010101000000000101000101010101000101010100010101010100010101010001
000000000000000000000000000000000010101000000000101000101010101000101010100010101010100010101010001
000000000000000000000000000000000010101000000000101000101010101000101010100010101010100010101010001
000000000000000000000000000000000010101000000000101000101010101000101010100010101010100010101010001
000000000000000000000000000000000010101000000000101000101010101000101010100010101010100010101010001
000000000000000000000000000000000010101000000000101000101010101000101010100010101010100010101010001
000000000000000000000000000000000010101000000000101000101010101000101010100010101010101010101010001
000000000000000000000000000000000010101000000000101000101010101000101010100010101010100010101010001
000000000000000000000000000000000010100000000000101000101010101010101010100010101010101010101010001
000000000000000000000000000000000010100000100000101000101010101010101010100010101010101010101010001
000000000000000000000000000000000010101000100000101000101010101010101010100010101010101010101010001
000000000000000000000000000000000010101000100000101000101010101010101010100010101010101010101010001
000000000000000000000000000000000010101000100000101000101010101010101010100010101010101010101010001
000000000000000000000000000000000010100000100000101000101010101010101010101010101010101010101010001
000000000000000000000000000000000010101000100000101000101010101010101010101010101010101010101010001
000000000000000000000000000000000010101000100000101000101010101010101010101010101010101010101010001
000000000000000000000000000000000010101000100000101000101010101010101010101010101010101010101010001
000000000000000000000000000000000010101000100000101000101010101010101010101010101010101010101010001
000000000000000000000000000000000010101000100000101000101010101010101010101010101010101010101010001
000000000000000000000000000000000010101000100000101000101010101010101010101010101010101010101010001
000000000000000000000000000000000010101000100000101000101010101010101010101010101010101010101010001
000000000000000000000000000000000010101000100000101000101010101010101010101010101010101010101010001
000000000000000000000000000000000010101000100000101000101010101010101010101010101010101010101010101
000000000000000000000000000000000010101010100000101010101010101010101010101010101010101010101010101
000000000000000000000000000000000010101010100000101010101010101010101010101010101010101010101010101
000000000000000000000000000000000010101010100000101010101010101010101010101010101010101010101010101
000000000000000000000000000000000010101010100000101010101010101010101010101010101010101010101010101
000000000000000000000000000000000010101010100000101010101010101010101010101010101010101010101010101
000000000000000000000000000000000010101010100000101010101010101010101010101010101010101010101010101
000000000000000000000000000000000010101000101000101010101010101010101010101010101010101010101010101
000000000000000000000000000000000010101000101010101010101010101010101010101010101010101010101010101
000000000000000000000000000000000010101010101010101010101010101010101010101010101010101010101010101
000000000000000000000000000000000010001010101000101010101000101010101010101000101000101010101010100
000000000000000000000000000000000000001010101000101010101000101000100010100000100010100010101010000
000000000000000000000000000000000000001010101000101010101000101010100010100000100000101010101010000
000000000000000000000000000000000000001010101000101010101000101010101010100000100000101010101010000
000000000000000000000000000000000010001010101000101010101000101010101010100010100000101010101010000
000000000000000000000000000000000010001010101000101010101000101010101010100010100000101010101010001
000000000000000000000000000000000010001010101000101010101000101010101010100010100000101010101010001
000000000000000000000000000000000010001010101010101010101000101010101010100010100000101010101010001
000000000000000000000000000000000010001010101010101010101000101000101000100010100000100010101010001
000000000000000000000000000000000010001010101010101010101000101000101010100010100000100010101010001
000000000000000000000000000000000010001010101010101010101000101000101010100010100000100010100010001
000000000000000000000000000000000010001010101010101010101000101000101010100010100000100010101010001
000000000000000000000000000000000010001010101010101010101000101000101010100000100010100010101010000
000000000000000000000000000000000010001010101010101010101000101000101010100010100010100010101010001
000000000000000000000000000000000010001010101010100010101000101000101010100000100010100010101010000
000000000000000000000000000000000010001010101010100010101000101000101010100000100010100010101010000
000000000000000000000000000000000010001010101010100010101000101000101010100000100010100010101010000
000000000000000000000000000000000010001010101010100010101000101000101010100000100010100010101010001
000000000000000000000000000000000010001010101010100010101000101000101010100000100010100010101010001
000000000000000000000000000000000010001010101010100010101000101000101010100000100010100010101010001
000000000000000000000000000000000010001010101010101010101000101000101010100000100010100010101010001
000000000000000000000000000000000010001010101010101010101000101000101010100000100010100010101010001
000000000000000000000000000000000010001010101010101010101000101000101010100000100010100010101010001
000000000000000000000000000000000010001010101010101010101000101000101010100000100010100010101010001
000000000000000000000000000000000010001010101010101010101000101000101010100000100010100010101010001
000000000000000000000000000000000010001010101010101010101000101000101010100000101010101010001010001
000000000000000000000000000000000010001010101010101010101010101000101010100000101010101010101010001
000000000000000000000000000000000010001010101010101010101000101000101010100010101010101010101010001
000000000000000000000000100000000010101010101010101010101010101000101010100000101010100010101010001
000000000000000000000000000000000010101010101010101010101010101000101010100000101000100010101010001
000000000000000000000000000000000010101010101010001010101010101000101000100000101010101010100010001
000000000000000000000000000000000010101010101010001010101010101000101010100000101010100010101010001
000000000000000000000000000000000010101010101000101010101010101000101010100000101010100010101010000
000000000000000000000000000000000010101010101000101010101010101000101010100000101010100010101010000
000000000000000000000000000000000010101010101010100010101010101000101010100000101010100010101010000
000000000000000000000000000000000000000010100010000010100010001010001000001000001010101000100010101
000000000000000000000000000000000000000010100010001010100000001010001000101010000000101000100010101
000000000000000000000000000000000000000010100010001010100000001010001000101010000000101000100010101
000000000000000000000000000000000000000010100010000010100000001010001000001010000000101000100000101
000000000000000000000000000000000000000010100010000010100010101010001010101010001010101000101010101
000000000000000000000000000000000000100010100010000010100010101010001010101010001010101000101010101
000000000000000000000000000000000000100010100010000010100010101010001010101000001010101000101010101
000000000000000000000000000000000000100010100010000010100010101010001010101000001010101000101010101
000000000000000000000000000000000000000000100010000010100000001010001000001000001010101000100000101
000000000000000000000000000010000000000000100010001010100000001010001000101000000010101000100010101
000000000000000000000000000000000000000010100010001010100000001010001000101010000000101000100010101
000000000000000000000000000000000000000010100010001010100000001010001000101010000010101000100010101
000000000000000000000000000000000000000010100010001010100000001010001000101010000000101010100010101
000000000000000000000000000000000010000010001010001010101000001010101000101010100010101010100010101
000000000000000000000000000000000000000010101010001010101000101010101000101010100010101010100010101
000000000000000000000000000000000000000010101010001010101000101010101000101010100010101010100010101
000000000000000000000000000000000000000010100010001010101000101010101000101010100010101010100010101
000000000000000000000000000000000000000010100010001010101000101010101000101010100010101010100010101
000000000000000000000010000000000010100000101010001000101010101010101010101000101010101010101010100
000000000000000000000000000000000010100000101010001000101010101010100000100010101010101010001010001
000000000000000000000000000000000010100000101010001000101010101010100000100010101010101010001010001
000000000000000000000000000000000010100000101010001000101010101010100000100010101010101010001010001
000000000000000000000000000000000010100000101010001000101010101010100000100010101010101010001010001
000000000000000000000000000000000010100000101010001000101010101010100000100010101010101010001010001
000000000000000000000000000000000010100000101010001000101010101010100000100010101010101010001010001
000000000000000000000000000000000010100000101010001000101010101010100000100010101010101010001010001
000000000000000000000000000000000010100000101010001000101010101010100000100010101010101010001010001
000000000000000000000000000000000010100000101010001000101010101010100000100010101010101010001010001
000000000000000000000000000000000010100000101010001000101010101010100000100010101010101010001010001
000000000000000000000000000000000010100000101010001000101010101010100000100010101010101010001010001
000000000000000000000000000000000010100000101010001000101010101010100000100010101010101010001010001
000000000000000000000000000000000010100000101010001000101010101010100000100010101010101010000010001
000000000000000000000000000000000010100000101010001000101010101010100000100010101010101010000010001
000000000000000000000000000000000010100000101010001000101010101010100000100010101010101010000010001
000000000000000000000000000000000000100000101010001000101010101010100000100010101010101010001010001
000000000000000000000000000000000000100000101010001000101010101010100000100010101010101010001010001
000000000000000000000000000000000000100000101010001000101010101010100000100010101010101010001010001
000000000000000000000000000000000000100000101010001000101010101010100000100010101010101010001010001
000000000000000000000000000000000000100000101010001000101010101010100000100010101010101010000010001
000000000000000000000000000000000000100000101010001000101010101010100000100010101010101010000010001
000000000000000000000000000000000000100000101010001000101010101010100000100010101010101010001010001
000000000000000000000000000000000000100000101010001000101010101010100000100010101010101010001010001
000000000000000000000000000000000010100000101010001000101010101010100010100010101010101010001010001
100000001000100000001000000010100010000010100010001010100010001010001000101010101000101000100010101
000000000000100000000000000000000010000010100000001010100010001010000000101010101000101000000010101
100000000000100000000000000000000010000010100000000010101000001010000000001010100000101000000000101
100000000000100000001000000000000010000010100010000010101000001010000000001010001000101000100000101
100000000000100000001000000000000010000010100010000010001000001010000000001010001000101000100010101
000000000000100000000000000000000010000010100000000010001000001010000000001010100000101000000000101
100000000000100000000000000000000010000010100010000010001000001010001000001010101000101000100000101
100000000000100000001000000000000010000010100000000010001010001010001000001010101000101000100000101
000000000000000000000000000000000010000010101000001010001000001010100000101000100000101000000000100
000000000000000000000000000000000010000010101000001010001000001010101000101000100000101000100010000
000000000000000000000000000000000010000010101010001010000000001010101000101000100000101010100010000
000000000000000000000000000000000010000010100010001010000000001010101000101000100000101010100010000
000000000000000000000000000000000010000010101010001010000000001010101000001000100000101010100010000
000000000000000000000000000000000010000000101010001010100000001010101000101010000000101010100010001
000000000000000000000000000000001010000010100010000010100000001010101000101010000000101010100010101
000000000000100000000000000000001010000010100010000010100000001010100000101010000000001010100010101
000000000000000000000000000000000010000010100010000010100000001010001000101010000000101000000010101
000000000000000000000000000000000010000010100000000010101000001010001000001010100000101000100010101
000000000000000000000000000000000010000010100000001010101000000010001000101010100000101000100000101
000000000000000000000000000000000010000010100000000010101000001010001000001010100000101000100000101
000000000000000000000000000000000010000010100000000010101000000010000000001010100000101000100000101
000000000010000000100000000000001010100010100000000010101010001010000000001010001000001000000000101
000000000010000000100000000000001000100010100000000010101010001010000000001010101000001000000000101
000000000000000000000000000000000000100010100000000010100010001010100000001010101000101010000000101
000000000000000000000000000000000000100010101000000010100000001010100000001010101000101010000000101
000000000000000000000010000010000000100010101000001010100010001010000000101010000000101010000010101
000000000000000000000010000010000000100010101000001010100010001010100000101010000000101010000000001
101000000000000000100010100010101000100010101000001010100010000010100000101010001000001010000000101
000000000000000000000000000000000000001010101010001000100010101010101010100010001010101010101010001
000000000000000000000000000000000000101000101010101000100010001010101010100010001010101010101010001
000000000000000000000000000000000000101010101010101000100010001010101010100010001010101010101010001
000000000000000000000000000000000000101010101010101000100010001010101010100010001010101010101010001
000000000000000000000000000000000000001010101010101000100010001010101010100010001010101010101010001
000000000000000000000000000000000000101010101010101000100010001010101010100010001010101010101010001
000000000000000000000000000000000000101010101010101000100010001010101010100010001010101010101010001
000000000000000000000000000000000000001010101010101000100010101010101010100010001010101010101010001
000000000000000000000000000000000000001010101010101000100010101010101010100010001010101010101010001
000000000000000000000000000000000000001010101010101000100010101010101010100010001010101010101010001
000000000000000000000000000000000000001010101010101000100010101010101010100010001010101010101010001
000000000000000000000000000000000000001010101010101000100010101010101010100010001010101010101010001
000000000000000000000000000000000000001010101010101000100010101010101010100010001010101010101010001
000000000000000000000000000000000000001010101010101000100010101010101010100010001010101010101010001
000000000000000000000000000000000000001010101010101000100010101010101010100010001010101010101010001
000000000000000000000000000000000000001010101010101000100010101010101010100010001010101010101010001
000000000000000000000000000000000000001010101010101000100010101010101010100010001010101010101010001
000000000000000000000000000000000000101000101010101000100010101010101010100010001010101010101010001
000000000000000000000000000000000000001010101010101000100010101010101010100010001010101010101010001
000000000000000000000000000000000000001010101010101000100010101010101010100010001010101010101010001
000000000000000000000000000000000000001010101010101000100010101010101010100010001010101010101010001
000000000000000000000000000000000000001010001010101000100010101010101010100010001010101010101010001
000000000000000000000000000000000000001010001010101000100010101010101010100010001010101010101010001
000000000000000000000000000000000000001010001010101000100010101010101010100010001010101010101010001
000000000000000000000000000000000000001010101010101000100010101010101010100010001010101010101010001
000000000010000000001000000000000000101010100000100010000010101000000010001000001010100000101000100
000000000000000000001000000000000000101010100000100010000010101000000010001000001010100000001000100
101000001010101010101010100000001010101010101010100000000010101000101010100000101010100010101000100
100000000000100000000010100000000000100010101010101000100010001000101010100010101000100010101010001
000000001000000000100000000000000000100010100000101000000010001000000010100000001000100000001010000
100000100000101000101010100000001000100010101010101000100010000000101010100010101000000010101010001
100000000000000000000010000000001000101010100000001000100010100010001000100010001010001000100010001
000000100000000000000000000000001000101010100000001000100010100010000000100010001010001000100010001
111111111111111111111111111111111111111111111111110101111111110111111111010111111111011111111101011
000000000000000000000000000000101000001010100000100010100000100010000010001010000010001000101000101
000010000000000000000000000000001000001010100000100010100000100010000010001010000010001000101000101
100000000000000000000010000000001000001010100000100010100000001010000010001010000000101000001000101
100010000000100000000010000000101000101000101000100010100010001010100010001010101000101010101000101
1.0 0.0 0.0 
1.0 0.0 0.0 
1.0 0.0 0.0 
1.0 0.0 0.0 
1.0 0.0 0.0 
1.0 0.0 0.0 
1.0 0.0 0.0 
1.0 0.0 0.0 
1.0 0.0 0.0 
1.0 0.0 0.0 
1.0 0.0 0.0 
1.0 0.0 0.0 
1.0 0.0 0.0 
1.0 0.0 0.0 
1.0 0.0 0.0 
0.6426720245739356 0.6657607415963421 0.379124390905053 
0.6302152937757449 0.665210526418386 0.4004043444236405 
0.6168508188167751 0.6796601203779925 0.396934740345119 
0.5811430037204296 0.7034765883232812 0.40913750611235034 
0.47475071955310577 0.6519412790265048 0.5912565627416692 
0.4609132266218424 0.7322058090571982 0.5014316012258659 
0.4586754632051618 0.7502470476105304 0.4761787343059458 
0.4590524239993821 0.7560024273243898 0.46661676127194807 
0.4525535730194197 0.7632271842072886 0.46117190811493536 
0.4685386979683198 0.7639836127116293 0.443622055373985 
0.464878202578046 0.7669028772999653 0.4424344398403444 
0.46645040087515804 0.7739606835044792 0.42826263427093875 
0.46509274286132984 0.7763877158380881 0.4253361673234964 
0.6655944019282509 0.6620150505895706 0.3445579267912181 
0.9669778470813432 0.2206369035809864 0.12756645339635675 
0.8408009540672698 0.4890792671007925 0.23206728793977058 
0.7167923060121004 0.6368130689467009 0.28403856298140184 
0.683114071977456 0.6663008575711175 0.29899553820479063 
0.6608830702178135 0.6816194122242027 0.3140518179832894 
0.6472938246868533 0.6944531966111187 0.3142379070686165 
0.6269161845065138 0.7048827515079913 0.33183791861437134 
0.6132820211213783 0.7145817499407525 0.3365383859545434 
0.6037570806034139 0.725716469194642 0.3298681463265358 
0.5895264085941423 0.7345622520684434 0.33597159315369063 
0.5808926239048956 0.7375807658792425 0.3442940215831168 
0.5527573942968281 0.7536721489269037 0.3555805885901028 
0.5471251235101751 0.7599205374339153 0.35096278436627043 
0.545451300720206 0.7603468764583328 0.3526407605519992 
0.541786801746681 0.7639028890102174 0.35059868455963417 
0.6017208601988226 0.7201374729313303 0.34544757414355415 
0.5948340267502575 0.6941624510541852 0.405352898307783 
0.6467577153295765 0.635226180756059 0.42212812858625925 
0.6605010007171749 0.6113117094296094 0.43593167121219745 
0.6573416787732748 0.6005790190905214 0.45519969153746115 
0.6666601714720058 0.5827252768265335 0.4647531253475931 
0.6634057046300283 0.5736651658531434 0.4804176813472014 
0.6691278242114547 0.5637238892647927 0.48423478968184475 
0.6687905408888156 0.566010419021701 0.48202844104525994 
0.6494341084743299 0.5800950350119587 0.4916554577187432 
0.6341816155566373 0.5829794775542783 0.5078864117502202 
0.6274751081957999 0.5779810901852974 0.5217402111998692 
0.6062750106823852 0.5816976778919276 0.5422715398739019 
0.6059939957505064 0.5780499909323773 0.5464700221397454 
0.6211809497080854 0.5534877164761376 0.5547842602577979 
0.6200358441967658 0.5542651607071798 0.5552888289326987 
0.5945959212072336 0.49114730802274176 0.6365767921513754 
0.606698154658897 0.4733249253876305 0.6386555128864726 
0.6061989164941232 0.47886117387521376 0.6349920076632489 
0.616236391669465 0.46711989079043725 0.6340754822654222 
0.6329271337882346 0.46535023684957444 0.6187506770732903 
0.6415034998374525 0.4683499024614099 0.6075538071320822 
0.652139255904395 0.47709072587750123 0.5891509400740534 
0.6538824436344737 0.487175588826546 0.5788762350953074 
0.6622336626895865 0.4871683852790576 0.5693097051564556 
0.6778705089649775 0.4982001092617946 0.5406368690785879 
0.6920660071982097 0.48949074288374306 0.5305124450112828 
0.7037094350707623 0.4810430152177234 0.5228677160646177 
0.7037547502797579 0.48380928003074475 0.5202478563288924 
0.7101495560582087 0.4761799490890002 0.5185945083742463 
0.7407093296268235 0.45648927850080023 0.49291705957250137 
0.7238838524312294 0.48712699097322254 0.48856879029947864 
0.9918301199631845 0.1273898018653094 0.006697127334331436 
0.9908954815070765 0.1343795562661737 0.008263146287294255 
0.98958550576123 0.14381196609341607 0.006216526010291493 
0.9877488215692347 0.15581918072295664 0.008523403511211253 
0.9855905622097297 0.1675603742420794 0.023124979285677184 
0.9804681432879565 0.19506559624991116 0.025132313008033483 
0.9721980044868852 0.23159438057807 0.03456997188859846 
0.965476859073308 0.2523805032653439 0.06448655802158798 
0.9534314208301649 0.2950031723457471 0.06278259376386602 
0.9377306925059982 0.34481061426567583 0.042033184770469086 
0.9263760587792642 0.37603193865241136 0.020673142816375802 
0.9245737195342538 0.3803479393108032 0.022335671214905862 
0.9265879494538115 0.37530474355841636 0.024106459498071352 
0.9300453885046134 0.3665810472144569 0.025177592109945447 
0.9324203760974622 0.36065512361650454 0.022806228259643638 
0.9361673685645278 0.35092566271286263 0.021019925892015488 
0.9410659213779823 0.33755848427868196 0.02119436982993357 
0.9439211513361948 0.32954283462211853 0.02035633094079544 
0.9449814799499041 0.3264731749311033 0.020622041656784117 
0.9454295470642055 0.3252550458620998 0.019290585248110143 
0.9459629738435571 0.32359948269562205 0.020914753552925023 
0.9444275820912277 0.32788079709566065 0.0234675324913314 
0.9390770278160607 0.3428194376064258 0.024681349788199008 
0.9353784108857937 0.3528457600484191 0.023813820874045082 
0.9305367280493123 0.3657185623962852 0.01874382218424601 
0.9274663020646473 0.37369008101382006 0.012727210472568628 
0.9259066582893085 0.3775304702770262 0.012946202065976306 
0.9255462660070665 0.37839510507418717 0.013463058206499689 
0.9225548328834177 0.38565421593550236 0.012783037769723197 
0.9105746766935089 0.4131790393138594 0.01169784750233404 
0.9092943963674444 0.4160327130545604 0.010024091142177068 
0.9069099670584955 0.42116210061087583 0.011696010387869497 
0.9017491770071355 0.4320989322015645 0.011787050403802698 
0.8909367420822186 0.45395705329412434 0.01243846342752519 
0.8749772236056891 0.4840575403498997 0.010156564462698787 
0.8553801577114549 0.5178724455310872 0.011528918126931778 
0.8364708417103133 0.5479168770404529 0.01017972606100766 
0.8210774260117407 0.570737142078399 0.009538089227719806 
0.8126777800590111 0.5826396045868475 0.009269140480086584 
0.7970460558909024 0.6038543734439868 0.008802298638803538 
0.7922945612625892 0.6100553873921803 0.010087244792215289 
0.7930539368061783 0.6090017501516799 0.013502652643570286 
0.7873649428425176 0.6162132872939302 0.018374747481449707 
0.7877644868826735 0.6156070143684417 0.021333472920539095 
0.7922614299673929 0.6097024055753467 0.024182705011168 
0.7952006728152798 0.6058685181379792 0.02406717024112999 
0.803823065842225 0.5944117605375047 0.023305316018243285 
0.8027654795236188 0.5958003113115885 0.02428114342918841 
0.9878064373954615 0.1555371096336574 0.006830063461920034 
0.9879275073122158 0.15476691856970862 0.006814778962590292 
0.9879427417326218 0.1546771024281079 0.006643270450225098 
0.9885357210396293 0.15086291521324247 0.0061244625904859126 
0.989024640353317 0.14765126538029336 0.005418911845560897 
0.9894927291332457 0.1445060159866867 0.004706414356659287 
0.9900241742805074 0.14078016846466074 0.0057513917673306485 
0.9906978437816443 0.13601400963228918 0.004239281796281979 
0.9918055121985255 0.12768634122778477 0.004245496023113253 
0.9926415284773306 0.12103099266744129 0.0037808406634728927 
0.9935421702378159 0.1133857752086114 0.004197849386650378 
0.9942813058881471 0.10669256014109776 0.004624107686785797 
0.9951384382753338 0.09837421521388938 0.004690676708249543 
0.9957137103776601 0.09230660893426615 0.005804904220530121 
0.9962107192320175 0.08682348925115868 0.0050876911738223785 
0.9966532358756918 0.08160777409724641 0.004743271593032779 
0.9968520451801155 0.07912844321023475 0.004968852517985365 
0.9972055380100369 0.07459620414916936 0.0040646388090954414 
0.997203461788895 0.07459170236239818 0.004618845626710776 
0.9971239773862927 0.07569544720551988 0.0037380467755812282 
0.9971858828007042 0.0748984620457166 0.0032458475266944173 
0.9969257500178937 0.07825141148487524 0.003970585836465579 
0.9967224935405381 0.08081245474791239 0.0036902612304048686 
0.9963928433176 0.08474516611694362 0.0044225111961457815 
0.9963201386535595 0.08552606013657225 0.005610200608482038 
0.996356187369488 0.0849092110282415 0.00804821552267184 
0.9962798139140611 0.08583095619364509 0.007718765850079806 
0.9961174171793283 0.08772618864960262 0.007362541476850085 
0.9960018239174488 0.0891506694088878 0.005703060324286124 
0.9958457020762543 0.0909715889044863 0.003937977710117326 
0.9960156971139988 0.08911595073675906 0.0033284270757102784 
0.9961612201832085 0.08745839665543884 0.0037218621093251508 
0.9965177910003088 0.08327926219221919 0.004105692217462083 
0.9968140975551935 0.07967224320584279 0.003740130716229881 
0.9973651852893924 0.07243203518600705 0.00403577148374798 
0.997781604650441 0.06636969147983524 0.0051897470133628314 
0.9979090310304811 0.06445559455467617 0.0048002206625726495 
0.9979514039233378 0.06381495164900756 0.004543935901165529 
0.9978958858497392 0.06473628425351656 0.0036075622256630676 
0.9978130563351455 0.06601913064332542 0.0032525368891561783 
0.9979449411106895 0.06396099048425004 0.003858264876351046 
0.9980452881965091 0.06236733096161488 0.003989829253436642 
0.9982034318797415 0.059777804646269014 0.004064806905494634 
0.9981840968311042 0.06011086906819827 0.0038977241229509775 
0.998261555666811 0.05883143344143795 0.0035677607689010033 
0.9910198765740125 0.1284101790471819 0.03728847211002225 
0.9905182391119491 0.13246099950806617 0.036437639823234225 
0.9893779934953265 0.1412034387882161 0.03453657281121515 
0.9893412489137993 0.13941898741478298 0.04202664804526138 
0.9895284825287114 0.1380281229069505 0.04220923537816627 
0.9902798526768658 0.13155382919373695 0.04515975428132919 
0.9907074479803117 0.1274374494657126 0.04752314162607508 
0.9915499837295189 0.12113964250840907 0.046409231613179086 
0.9929254355408524 0.10885008428071179 0.04744194987656518 
0.9939288068923042 0.09800059635481036 0.05001409745004115 
0.9946451701491313 0.09159998485188492 0.04785841905182751 
0.9948217252206786 0.09199484238401583 0.04320513862600816 
0.995208124544476 0.08730032299453312 0.0440391013273084 
0.9954683733207327 0.08516002196654865 0.04231416283977833 
0.9958659879756517 0.08166810875516921 0.039764984667834076 
0.9960540495376352 0.08009148683321426 0.03823197793108964 
0.9963039633584353 0.07449679143004936 0.04276260823314394 
0.9964255852772913 0.07411131064890329 0.04054092547919156 
0.9964573817343527 0.07389766940229697 0.04014748863910738 
0.9964986954663342 0.07241028100907075 0.041798338939265385 
0.99691680655048 0.06705102708377626 0.04075586564169076 
0.9971784924310284 0.06197731515272938 0.04235406284455455 
0.9970508422899185 0.06275876234604454 0.044169623473114115 
0.9971441009132631 0.057803246425796956 0.04860480137310423 
0.9971972840320696 0.05773808381239648 0.047580357257343116 
0.99713438284129 0.05651676837919682 0.05028794535166299 
0.9967888609854849 0.06378704838022785 0.04840639497213312 
0.996792219212771 0.06270709339526225 0.04973019359299719 
0.9967021738094672 0.06416166174274653 0.049679551989645805 
0.9966320418185112 0.06431228520268671 0.05087733476385806 
0.9966001514914625 0.06395623721733462 0.05193975132972628 
0.996375460063196 0.05974617760635426 0.06055028361027459 
0.996647020825453 0.059195564138070075 0.056485405779941565 
0.99670817815038 0.05863827590108209 0.05598535708110417 
0.9963166443314703 0.06458567153899883 0.056407758862900344 
0.9963230565573017 0.06322221665611305 0.05782143454985513 
0.9961799703046915 0.06658644102615147 0.05649524435927989 
0.9962051472463728 0.06331718813123889 0.05971798964287204 
0.9962793521770065 0.0600236057274931 0.061843505570388424 
0.9963196355942523 0.058222535488608326 0.06290723400861183 
0.9962279426815748 0.0591463434462306 0.06349485236912944 
0.9962039578439357 0.06471351508068651 0.05822229248303321 
0.9962976979687136 0.060085955398739586 0.06148638049245218 
0.9965083302427667 0.057179861493061965 0.06084086781438279 
0.9614841049654458 0.062389193592195205 0.26768620513898583 
0.9730131476095757 0.06087994014544412 0.2225736899698464 
0.871185431343572 0.4889857178630335 0.04391938001256704 
0.8696089232148075 0.4916321224743232 0.04558702465148479 
0.8704720080612334 0.4901820282052707 0.0447220572694421 
0.8672388488395776 0.4961983866902826 0.04103583932813874 
0.8569480292934891 0.5138905876964527 0.03945299693305739 
0.8435490830735444 0.5357803097821087 0.03693784097061081 
0.8374983501579318 0.5455217113117365 0.03166348007178784 
0.8370894741747005 0.546522719197864 0.024374774388621383 
0.8335874484365052 0.5520476049300514 0.01937544064300592 
0.8553942124221318 0.5175282858238781 0.02156883693942112 
0.8735292665471596 0.4864388370329605 0.01799661944928716 
0.8924131925181402 0.4509088741642943 0.01672964492957081 
0.9132861325187321 0.40697899523003134 0.01662941942856905 
0.9189271688613557 0.39412918356450855 0.01533117709855958 
0.9197778377051469 0.3922087815815291 0.013453658118787704 
0.9224877107003582 0.3858005325347662 0.01320502566082302 
0.9275604331481877 0.37334369123522426 0.01568856503329568 
0.929548934481701 0.36818951799229754 0.019371557617647615 
0.9316134949210354 0.3628906766387613 0.020165636356833574 
0.9330396667091715 0.35860186682169387 0.02901174691800459 
0.9297316039781921 0.366868977673282 0.031722197040859164 
0.9263468097308913 0.3745824744014811 0.039617647237859197 
0.9233251090388789 0.3814584666580114 0.04427393401608945 
0.9238340833834906 0.379939954525665 0.046649944630421394 
0.9253995642346233 0.376261653325114 0.04541822047835993 
0.9225563384171099 0.38282950097580754 0.0482843207369557 
0.9243057960666 0.3781657724742552 0.051472748971067614 
0.9256443218362621 0.37458447994672367 0.053563577506820274 
0.9237312094596438 0.3793898427210926 0.05276362298296236 
0.9240563652574902 0.3783005521874316 0.054850032286226674 
0.923809682299049 0.3788439456626842 0.05525337750092183 
0.9178115057355992 0.394057020269043 0.04838496373910954 
0.9167329390830999 0.3961372850974472 0.05172977629649291 
0.9129927031044267 0.40456862445632574 0.05261703320777992 
0.9103552190358021 0.4099606611226375 0.056441398867912725 
0.9074259113268223 0.41723910918876606 0.04989730670137329 
0.9049553595961589 0.4223378953813495 0.05183145052030735 
0.9013738096260854 0.4306054831431963 0.045871267773760736 
0.9994370935259107 0.031409822215651306 0.011786396941433006 
0.9993773326102859 0.03287479693115821 0.012813851547641787 
0.9991671259870056 0.03901159500769336 0.011964522632471011 
0.9990849518327818 0.040847634097651894 0.012677926088772997 
0.9990117376193631 0.04250272761258557 0.013002547605416534 
0.9989038548036016 0.04460323771971377 0.01420000152901297 
0.998894975743309 0.04471308788552673 0.014476436250519508 
0.9988813234112175 0.04512282347704961 0.014143286100254965 
0.9988211391267046 0.04716901666890458 0.011463677425724487 
0.9988121069719107 0.04724492098992581 0.01192863810282421 
0.998864411782078 0.04652613233366684 0.010256992020738997 
0.9988398436188063 0.04718247843449553 0.009632264964005379 
0.9987670971665517 0.048938848157453245 0.008323145951001521 
0.9986573277400571 0.05119072239698169 0.007940509527945998 
0.9986918865165538 0.050496184481617676 0.008040594431087822 
0.9987654277779205 0.04898880726343106 0.00822903630408474 
0.9989215213004357 0.04572224604486531 0.008079015994300526 
0.9988812194048807 0.04660773680081241 0.008001774211064785 
0.9989906741201737 0.044168436100009555 0.008172042180513624 
0.9990025384643542 0.04387220389901376 0.008316120899789418 
0.9999526995278124 0.008624158577021498 0.004496954066813064 
0.9999527764989672 0.008405652193825216 0.00487747713506148 
0.999950235888831 0.008827088997978945 0.004648467026115753 
0.9999628484772171 0.007405505764632856 0.004411365967611485 
0.8339228891041368 0.006013272948332487 0.5518482178793896 
0.8328354002610048 0.009555570085822362 0.5534382414980257 
0.9962206378696226 0.007853151186705085 0.0865029982086241 
0.9999545359795956 0.00890685765449207 0.0034049758522217443 
0.9999571220858561 0.00852599223503715 0.00361406228229912 
0.9999602423700394 0.007896261871964672 0.004142792258995371 
0.999963895095306 0.0072448858623740545 0.004440735824733408 
0.9999612681256016 0.008003122905952004 0.003662276940753598 
0.9999434915492306 0.009573575851742386 0.004621726273254945 
0.9999411837236767 0.01007273172156554 0.004021090518440265 
0.9999460990199351 0.009142250020048221 0.00492121117052924 
0.9999370692980362 0.010437484870977879 0.004112949455390133 
0.999945004945269 0.0093030236949951 0.004841573621911429 
0.9999434703324105 0.009899638349057846 0.003879858262054994 
0.9999461058996268 0.008883874518902948 0.005372343036769012 
0.9999491567983257 0.009195670061118925 0.004138051527503517 
0.9999572120910549 0.007612974538539923 0.0052551504032440945 
0.9999600385230796 0.007559039246282454 0.004773078942830928 
0.9999595504983806 0.007629391287569409 0.004763376497605509 
0.999965118286484 0.006924938552406051 0.004669843288942409 
0.9999658460507659 0.006196960196368772 0.00546849305573283 
0.9999657784532919 0.006545832882613628 0.005059050718727301 
0.9999646182993401 0.006666830000039516 0.005129866197635196 
0.9999705398097664 0.00673749972502419 0.00367771804516853 
0.9999678894732691 0.007247588934331611 0.0034194264160601687 
0.9999681871084776 0.007177735299810619 0.0034792078050470917 
0.9999690891130631 0.007195599608711046 0.0031692530132550038 
0.9999748975028008 0.006313387755472327 0.00321644202684158 
0.9999751176385893 0.006194139552568864 0.0033759056403872105 
0.9999777005156247 0.00547567486991093 0.0038230166364469037 
0.9998931609567544 0.014116091496357104 0.0037950800751230334 
0.9999810678814819 0.006153363195110156 0.0 
0.9999993213873375 0.001076840272186084 4.445670848474658E-4 
0.489745264532835 0.8718655721311993 0.0 
0.6185190609792536 0.7857618156745353 0.0035412191685872977 
0.39186847755569437 0.18788074649642494 0.9006330670112708 
0.1781812234283532 0.022240530313857646 0.9837463140611676 
0.18277611216124354 0.019442028561094286 0.9829623087121144 
0.18271568871152866 0.020952023241104182 0.9829425160307066 
0.1920191486594073 0.022707756552976962 0.9811284341718198 
0.19291757061781376 0.02347986594760706 0.980933997189415 
0.1931934907967613 0.022605739635573618 0.9809002271634412 
0.1914120425397019 0.022494098125508205 0.9812519786070749 
0.18880386250001652 0.02241781089893614 0.9817589028165594 
0.1929136079199295 0.02210861675892539 0.9809666400771857 
0.19597547388350914 0.02199833264353764 0.9803620183366135 
0.1932124361697004 0.022485777439261972 0.9808992528911016 
0.19311045827842352 0.022147643296382802 0.9809270272552966 
0.1922683534473462 0.02116283402533761 0.9811141700733215 
0.199946602383109 0.02180416928731823 0.9795641553247755 
0.20197402559723204 0.02218438257176932 0.9791395948249453 
0.20268770385142107 0.01981719436521701 0.9790428864533616 
0.19597469860056183 0.014092984857714042 0.9805076773214064 
0.1917794828753327 0.011168444543665817 0.9813744931444596 
0.18671200832020496 0.012035037101882673 0.9823409712676102 
0.1788633754490363 0.01457336468146079 0.9837659833338608 
0.17752677939107872 0.015911788535543203 0.9839873259268289 
0.17898455319131826 0.01958007980246438 0.9836570287421491 
0.1810126878859646 0.020296884568970403 0.9832712968967884 
0.18233683905894668 0.01984006257264892 0.9830359347649023 
0.18463800614203438 0.018148080147716107 0.9826390252146747 
0.18768057317392173 0.01572872895002335 0.9821041744839113 
0.18807777682089652 0.012564962820923365 0.9820737607610837 
0.501323388082006 0.005821156212877042 0.8652404143949377 
0.49525828008477696 0.0045764748663997 0.8687337289902274 
0.5008045222823525 0.004760807816878796 0.8655473211618621 
0.20321868122916237 0.00444859144346343 0.979123269886713 
0.1810859793743526 0.005192346802501509 0.9834535614906857 
0.1778662298351258 0.004337078368012575 0.9840451178860998 
0.18824280247271033 0.004508185074301811 0.9821121746442999 
0.5432171375122344 0.00503790087208927 0.8395771322920945 
0.5455874347923465 0.004381348603030287 0.8380424540446181 
0.5588087477005333 0.006271950107104539 0.829272841792866 
0.5843702023445523 0.007697643452902724 0.8114506842051826 
0.5984210511333922 0.00822094684220101 0.801139601813207 
0.621402709553981 0.008490403170563906 0.7834453303281423 
0.6450259661883192 0.006395243809028233 0.7641338912778625 
0.6744096319394337 0.010684856867276852 0.7382800838306852 
0.7152565818653466 0.017865878999677422 0.6986335466221685 
0.7537942401290572 0.024386711400021886 0.6566578499152729 
0.7793297026478504 0.03478110656749254 0.6256480553767859 
0.7825999750645195 0.0433183951472856 0.6210159383388456 
0.8139824926344152 0.05533167544879149 0.5782481365094865 
0.8336130155001459 0.05631158078509272 0.5494709694408227 
0.8318991768119078 0.05381825660444666 0.5523109222853809 
0.8350463320564799 0.06802323640911295 0.5459582975168057 
0.8434845354327992 0.0723056124089487 0.5322647244556806 
0.8504044187884794 0.07373934859352985 0.5209364961048808 
0.8523584241350557 0.07858562989461554 0.5170197438977269 
0.8556834804326372 0.08418763646627601 0.5106057414296383 
0.8537245983248847 0.08144191515614971 0.5143165607587538 
0.8487383406216245 0.08626049705835286 0.5217301561210521 
0.8367441377720733 0.08423976194847599 0.5410756974868984 
0.8261235543683736 0.06409480655039619 0.5598318753795931 
0.7163941228787063 0.036345877781368184 0.696748475328903 
0.7268220963345233 0.03491522143815764 0.6859377286545866 
0.7316479146085342 0.0346296597635458 0.680802552663872 
0.751556117920689 0.03139010147898338 0.6589218945710656 
0.7560450151751624 0.029635181088040943 0.6538483700910077 
0.7533165196133442 0.02865924351044549 0.6570333850262459 
0.7474764703755411 0.027387887531320848 0.6637234588678439 
0.748652444629703 0.028310505871261674 0.6623579337543126 
0.7152335244980665 0.029376780915466236 0.6982678642019252 
0.6847408903975436 0.030236162474883733 0.7281591086406676 
0.6763361497450833 0.04116205598787623 0.7354421103627719 
0.6579092454709315 0.047811876470739145 0.7515779727960477 
0.6457650277189467 0.04716253375157155 0.7620782272085195 
0.6392746182866436 0.04631469138471524 0.767582511379985 
0.6461785990776014 0.04454872415585114 0.7618849186525446 
0.6666064318586995 0.043745060710627504 0.7441251471815991 
0.5230318363100779 0.03464265724231114 0.8516088212937319 
0.7466325812278026 0.12589613864360438 0.6532150877955429 
0.9214691973034738 0.38830851590913434 0.010536360535652848 
0.23464053310389682 0.9720822085732869 0.0 
0.20810883532220292 0.9781056753302008 2.3402736611999204E-5 
0.9940961855936872 0.010082489731382831 0.10803294492375055 
0.4790214490894294 0.030086709909405446 0.8772874336265682 
0.04822914202536779 0.003721096494112838 0.9988293664587452 
0.0715099823823349 0.009392133637305029 0.9973956638392896 
0.07735314442790386 0.011676350564522257 0.9969353809974898 
0.08043399278587501 0.011240575339937418 0.9966965547600477 
0.07894597926580958 0.013136181311848313 0.9967923420142756 
0.07572661741972678 0.013533708476173047 0.9970367687046693 
0.07412522706722345 0.014328164376761772 0.997146004563938 
0.07131757999073682 0.015452677026033096 0.9973339548802066 
0.07267055640751563 0.013292482307153276 0.997267416566658 
0.07512639503238601 0.012995645991638162 0.9970893329861161 
0.07803111445815203 0.011087617169712707 0.9968892666299085 
0.07657574732789674 0.010933279375399618 0.9970038206161868 
0.07725787145407766 0.00965456101896376 0.9969643979350097 
0.07706533145993638 0.008317247604224223 0.9969913530614296 
0.07585494618976966 0.006173992252324783 0.9970997487504525 
0.07168513915752636 0.0052884217089896 0.9974132911786338 
0.07414138527247931 0.005128944297709468 0.9972345506049562 
0.07814412669068022 0.00598237651111785 0.9969241228072626 
0.08190278935930807 0.008124893905818024 0.9966072040649636 
0.9991392382615152 0.03982546018315998 0.01160669149235992 
0.9991820727807483 0.039313132238587845 0.009469058409294365 
0.9992649101307137 0.037318016529038996 0.008775250640014418 
0.9992693766755518 0.03764360363940473 0.006608475126195744 
0.9993606934631106 0.03533601187128553 0.005437888005743708 
0.9993710220988687 0.03501363546089862 0.005621878767234821 
0.9994666121386905 0.032115076223299545 0.005925630698945328 
0.9994358191811114 0.03310014107875304 0.0056942074380528125 
0.9994679959190871 0.031991247526371204 0.006347063509232047 
0.9994215512515131 0.033479381989814955 0.005974435169899639 
0.9994237387417125 0.0334066932737748 0.006015254279664359 
0.9994629013064149 0.03213140780357887 0.006440616796829545 
0.9994425580953039 0.03279127977269116 0.0062693730774404845 
0.9995283385138999 0.029649454686100578 0.008000646502598569 
0.9994810410525135 0.03068334678368933 0.009807181385893345 
0.9994751199348264 0.03066069819498127 0.010459742705284871 
0.9994895720081376 0.030165990922010083 0.010517054658183788 
0.9995018001123833 0.029165823891940026 0.01206259875854612 
0.9994834732873217 0.029630763838371682 0.012442044038927914 
0.9994621135769367 0.030693397761315067 0.011549842344733222 
0.9994616254466216 0.031268463169515925 0.009936924605414123 
0.9994632180629813 0.03169334817834826 0.008295023835743688 
0.9995037318181048 0.030658556413000953 0.0072348462563390096 
0.9995563659314627 0.028797000830094482 0.007602898728740347 
0.9995989952000031 0.027257244966251246 0.0076740727123253225 
0.9995665951206721 0.02875033539708322 0.006327727350440752 
0.9995922642162377 0.0278950290171113 0.006096939821722426 
0.9995905169695092 0.027948523527928607 0.0061382747770204376 
0.9996515488407909 0.02553813458819831 0.0066771687085923044 
0.9996683850376074 0.025022975635724767 0.0060803492198957376 
0.9996743973893045 0.024811693093242358 0.005956432672117993 
0.9996748746960138 0.024866371382490756 0.005639900333993613 
0.999672010994068 0.02499027585786159 0.005599691743668864 
0.9996787515949365 0.02470086236992347 0.005679877443351386 
0.9926282926529745 0.02071630387323256 0.11941485409559677 
0.9893405328886556 0.0212187029468084 0.14406622306719244 
0.9898083817134584 0.020520694650713853 0.1409193690762082 
0.9907154582703049 0.025195368633848574 0.1335966846282646 
0.9874305557615095 0.025787438800765426 0.1559355814065963 
0.989791143771531 0.026276127104236796 0.1400823217106513 
0.9994206276643994 0.0336771760382375 0.00492512060638256 
0.999378912918498 0.034902460573017484 0.004858668520296708 
0.9994382964094973 0.03297249083899246 0.005992204765706923 
0.9992552740743738 0.026913061934509073 0.027651118094165365 
0.9992342729558685 0.02743142902427335 0.027899542147554465 
0.9992150342513167 0.026384972311275682 0.029549087334008548 
0.9992069584518168 0.026506427817561948 0.029713018456921366 
0.9992480903816777 0.02469922978150186 0.029886483847566436 
0.9992665331531585 0.024559865303731044 0.029380414161992975 
0.9992941412287599 0.023266911733424166 0.029493560725419928 
0.99931148044499 0.022816514524196748 0.02925699430579956 
0.9993042131641059 0.023238667803326243 0.02917282761738991 
0.9993218840090712 0.023131778996329583 0.02864773884664215 
0.9993023912582663 0.022478961548951182 0.029823264630011375 
0.9992562719017402 0.024452960956224335 0.029815361233917387 
0.9991871523575665 0.027973697972786257 0.029025967430980452 
0.9992136528178616 0.026959917502299768 0.029072992117344883 
0.9992197740365331 0.02719439719987773 0.0286410184056883 
0.9991848918782227 0.029121793705808592 0.027954838108294973 
0.9992201370190126 0.028786132075808366 0.02702732646452434 
0.9991936348379808 0.029633127187679093 0.027091656877031047 
0.9992228270428671 0.029271382880382245 0.02639939508266255 
0.9992594436916188 0.028456434556067358 0.025899720567465253 
0.9992928433625347 0.028525125000625807 0.024497560044205568 
0.9993202613238337 0.028886463598097142 0.022903875839266542 
0.9993488628976616 0.029569536301562543 0.020675897757079974 
0.9993762290692968 0.02974617115016209 0.019034654531612235 
0.9994021834975808 0.029990840793972132 0.017199566527627393 
0.9994527509383921 0.029672443993288073 0.01462001057268184 
0.999482397895473 0.029583618529830942 0.012639058975926385 
0.9995368261642131 0.028435814898103314 0.010841474653042632 
0.999541488491286 0.028365740334235605 0.010592334960491015 
0.9995920931641581 0.02671372170225462 0.010100710693389806 
0.999625502711145 0.02578868880013745 0.0091541170770571 
0.9996291482874338 0.02542710311839066 0.00974824708071581 
0.9996929417965573 0.02240057041697453 0.010594176095340389 
0.9997041015084306 0.020920366142365913 0.012411595694788936 
0.9997057498396342 0.018916824771018866 0.015184448562828622 
0.3715258811123187 0.0049814820354941395 0.9284092333127913 
0.3701558236587323 0.004603960145565999 0.9289582712708379 
0.36848743239933146 0.004484347371063765 0.9296219138942475 
0.36374743045194013 0.004886216937636682 0.9314847995129331 
0.3531782617457176 0.004861656106840032 0.9355434141343587 
0.3490868084154534 0.00517165642096968 0.9370761197257008 
0.33493472538485014 0.005491148036303451 0.9422253324044193 
0.32439051249832146 0.005866194994924824 0.945905060329713 
0.3150715056275638 0.004618128523399048 0.9490566996921319 
0.3027002886991712 0.0031542922391626454 0.9530805766890376 
0.2912555105242067 0.0030602621111724465 0.9566404039058222 
0.2786174226106657 0.002363343847574319 0.9603992640686726 
0.2645557270651244 0.0016144029226731612 0.9643690481243407 
0.255349716617685 0.0015693028487826339 0.9668474851349806 
0.25271008321826344 0.0014340724798747426 0.9675409848042308 
0.2510597127542119 0.0012518679640618517 0.9679707916349404 
0.24846002848573884 0.001707215912366927 0.968640645264638 
0.2458352970773246 0.0016203381068957531 0.9693102605540307 
0.9831269905488652 0.005732721074431728 0.1828345053960393 
0.9835529175777845 0.004414738039474632 0.18056624383386455 
0.9840492433074934 0.0042215606711302435 0.1778461840227376 
0.9844263763911065 0.004226829856510288 0.17574653161539103 
0.9846301732949053 0.004131267262458082 0.17460342055083256 
0.9846826307506227 0.004291606114537977 0.17430346759313337 
0.9846911077708782 0.004314492466518868 0.17425500690573284 
0.9850828787493521 0.004008778545244207 0.17203386785590852 
0.9853984893251141 0.004049488811742128 0.17021580090034708 
0.9856603118973333 0.004113869644109722 0.16869151023985476 
0.9859602663456574 0.00406285063395245 0.16693066354725417 
0.9861879457503219 0.004116100128517524 0.16557896417266338 
0.9863467179159594 0.005189017628477494 0.16460020094904543 
0.9865365241039683 0.004898676690470875 0.16346770193387578 
0.9867050883988946 0.004757893165571579 0.1624513188015253 
0.9868008481236412 0.0050186730097624985 0.16186073972302045 
0.9865065336102383 0.0055059875401119165 0.16362928602643156 
0.9864313331235876 0.006688908240206694 0.16403805515360137 
0.9860665988233029 0.006756934848801374 0.16621373744817997 
0.9858883762810656 0.007775433915195526 0.16722336003475738 
0.9859606605946031 0.009134040595760815 0.16672775732387496 
0.9857801565748356 0.010008269936001778 0.16774181779204814 
0.985740576017632 0.01172501705523987 0.1678631608408508 
0.9860441793660167 0.013415645269197442 0.1659424502663797 
0.9860802293379034 0.014145842503418682 0.16566736687946837 
0.7124024141844416 0.007643501766487926 0.7017295612591254 
0.6967677678265645 0.009760815904205883 0.7172303703768206 
0.6771070451167839 0.014374182203227701 0.735744135103506 
0.6606711997475763 0.021263663215502285 0.7503741882892534 
0.6521667183359073 0.02192062084414017 0.7577585749279124 
0.6458231208818869 0.02497861654571643 0.7630783480415636 
0.6490335761269815 0.02331958714825947 0.7604022711138206 
0.6500109871673072 0.01988318672103055 0.7596646467011607 
0.6498269516717692 0.015507218097703673 0.7599239824270888 
0.6508945648263048 0.019456202470602393 0.7589187846304756 
0.651200848080909 0.019085390339651308 0.7586654093434655 
0.6517557486709711 0.01914358062670716 0.7581872904468466 
0.6564573322642384 0.01600085722092394 0.7541934390358451 
0.6594256855863375 0.015336462698468174 0.7516133035683223 
0.664110308372721 0.016381612976955003 0.7474551097352686 
0.6690730098108901 0.012705963928093707 0.7430880607460023 
0.558308910948343 0.008124762781726125 0.8295933631517407 
0.6274303128267146 0.010240395878559412 0.7786053794050111 
0.6599636410423859 0.013604310239337074 0.7511743574197596 
0.6965420487934486 0.016522520340662164 0.7173257144311902 
0.7175604065854796 0.015196458258990748 0.6963304751030678 
0.7397474048806301 0.020336164210970037 0.6725772947383503 
0.749695907839082 0.01522553770448574 0.6616073070719094 
0.7539921816476599 0.016043884033193324 0.6566874323445909 
0.753284759611562 0.015902772080130502 0.6575022226404398 
0.693003942531767 0.005123201158734482 0.7209155903747084 
0.6845638410168384 0.006133557581372102 0.7289271068108721 
0.6978881061091757 0.007840493826296384 0.7161638904663568 
0.4371891991736208 0.027398301707994878 0.8989521328688451 
0.40401138728128394 0.02076798995474897 0.9145181734335802 
0.3969078229221557 0.018835233378331356 0.9176651971644008 
0.3971515633089942 0.017997368095664122 0.9175765529386914 
0.4155186435349034 0.033008490374268035 0.908985531478981 
0.4212468000885741 0.034874316357628006 0.9062752978393073 
0.424358338139412 0.0356907980459258 0.9047906762264969 
0.4246362421184619 0.03579144225625089 0.9046563074122286 
0.4320045977075666 0.0350095262724055 0.9011916336882546 
0.4349889692984166 0.030988837831387894 0.8999023772157517 
0.4330286194990415 0.022917091612796658 0.9010887978477844 
0.4311150159497576 0.020795132433897353 0.9020573182950721 
0.42911102348634134 0.020358892607889468 0.9030222837861118 
0.4272438321501679 0.020113903307478344 0.9039126831632448 
0.42899954177777483 0.020317379878336685 0.9030761857281692 
0.43442137539197234 0.02021124094872649 0.9004829672691534 
0.4356177119794059 0.02045134738444214 0.8998994118233372 
0.4098114540463785 0.01664912669713854 0.9120182995492007 
0.4053791105870097 0.016458149431906613 0.914000495632777 
0.42477673875693434 0.024322949540166578 0.9049713345386635 
0.4342611823144833 0.03045698854010174 0.9002719574572425 
0.43640109545553424 0.03188835897801938 0.8991869752431353 
0.43505559151013873 0.03187180942483399 0.8998393301360808 
0.43711460001306907 0.03365225827149694 0.8987760299254999 
0.44800304424648596 0.031197455538412126 0.8934875439052354 
0.6051376318757946 0.004492772518967861 0.796108197095626 
0.6654731120654048 0.008124066617510731 0.746377609966684 
0.6896257002794021 0.007881116041178273 0.7241231121322464 
0.701118573018897 0.008673458205734614 0.7129919478442229 
0.7099460644971846 0.008292549442019015 0.7042072274044845 
0.7052742853799278 0.007685995990617488 0.7088928747331746 
0.6806248891175375 0.012119118680037955 0.7325318336264705 
0.6540138414581664 0.014590177468537401 0.756341868405134 
0.6308379317183435 0.012769375068852052 0.7758095429715168 
0.616561539232234 0.011433317498329024 0.787223696029636 
0.6110068516810533 0.01059420531295858 0.791554413804 
0.6018020145906458 0.009652867037832717 0.7985869754714199 
0.5931620316725351 0.009036729367878598 0.8050323855003861 
