46
100000000000000000000010000000000000000000000000000000000000000000000000000000000000000000000000000
100000000000000000000010000000000000000000000000000000000000000000000000000000000000000000000000000
000010101000000010101000001010100000001010100000101010000000101010101010101000001010101010101010100
000000101010001010100000000010101000101010100000101010100010101010001010101010001010101000101010101
000000101000000010101000000010100000001010100000001010000000101010001000101000100010101000100010100
000010101000000010101000001010100000001010100000101010000000101010001010101000100010101000101010100
000010101000001010101000001010100000101010100000101010000010101010001010101000101010101000101010100
000010101000000010101000001010100000001010100000101010000000101010001010101000101010101000101010100
000010101010000010101000001010101000001010100000101010100000101010001010101010101010101010101010101
000000101010000010101000000010101000001010100000001010100010101010001000101010101010101000101010101
000000101000000010101000000010100000001010100000001010000000101010001010101000100010101000101010100
000000101000000010101000000010100000001010100000001010000000101010001010101010100010101000101010101
000010101000000010101000001010100000001000100000101010000000101010001010101000101010101000101010100
000010101000000010101000001010100000101000100000101010000010101010001010101000101010101000101010100
000010101000001010101000001010100000101000100000101010000010101010001010101000101010101000101010100
000010101000001010101000001010100000101000100000101010000010101010001010101000101010101000101010100
000010101000001010101000101000100010101010100010100010001010101010001010001010101010101000101010101
001010001010101010101000101000101010101010100010100010101010101010101010001010101010101010101000101
001010001010101010101000101000101010101010100010100010101010101010001010001010101010101000101000101
001010001010101010101000101000101010101010100010100010101010101010001010001010101010101000101000101
001010001010101010101000101000101010101010100010100000101010101010001010001010101010101000101000101
001010001010101010101000101000101010101010100010100000101010101000101010001010101010100000101000101
001010001010101010100000101000101010101010001010100000101010101000101010000010101010100010101000101
001010001010101010100000101000101010101010001010100000101010101000101010000010101010100010001000101
001010001010101010100000101000101010101010001010100000101010101000101010000010101010100010001000101
001010001010101010100000101000101010101010001010100000101010101000100010000010101010100010001000101
001010001010101010100000101000101010101010001010100000101010101000100010000010101010100010001000101
001010001010101010100000101000101010101010001010100000101010101000100010000010101010100010001000101
001010001010101010100000101000101010101010001010100000101010101000100010000010101010100010001000101
001010001010101010100010101000101010101010001010100000101010101000100010000010101010100010001000101
001010001010101010100010101000101010101010000010100000101010101000100010000010001010100010001000101
001010001010101010100010101000101010101010000000100000101010101000100010000010101010100010001000101
101010001010101010100010101000101010101010000000100000101010101000100010000010101010100010001000101
101010001010101010100010101000101010101010001000100000101010101000100010000010101010100010001000101
101010001010101010100000101000101010101010001000100000101010101000100010000010101010100010001000101
101010001010101010100010001000101010101010000000100000101010101000100010000010101010100010001000101
101010001010101010100010001000101010101010001000100000101010101000100010000010101010100010001000101
101010001010101010100010001000101010101010000000100000101010101000000010000010101010100010001000101
101010001010101010100000001000101010101010000000100000101010101000100010000010101010100010101000101
100010001010101010100000001000101010101010000000100000101010101000100010000010101010100010101000101
100010001010101010100000001000101010101010000000100000101010101000100010000010101010100010001000101
100010001010101010100000001000101010101010000000100000101010101000001010000010101010100010001000101
000010001010101010100000001000101010101010000000100000101010101000001010000010101010100000001000101
000010001010101010100000001000101010101010000010100000101010101000000010000010101010100000001000101
000010001010101010100000001000101010101010000010100000101010101000000010000010100010100000001010101
000010001010101010100000001000101010101010000010100000101010101000000010000010100010100000001010101
000010001010101010100000001000101010101010000000100000101010101000000010000010100010100000001010101
000010001010101010100000001000101010101010000000100000101010101000000010000010100010100000001010101
000010001010101010100000101000101010101010000000100000101010101000000010000010100010100000001010101
100010000010101010100010101000001010101010000000100000101010101000000010000010100010100000001010101
100010000010101010100010101000001010101010000000100000101010101000000010000010100010100000001010101
100010000010101010100010101000001010101010001000100000101010101000000010000010100010100000001010101
100010000010101010100010101000001010101010001000100000101010101000000010100010100010100000101010001
100010000010101010100010101000001010101010001000100000101010101000000010100010100010100000101010001
100010000010101010100010101000001010101010001000100000101010101000100010100010100010100000101010001
100010000010101010100010101000001010101010001000100000101010101000100010100010100010100010101010001
100010000010101010100010101000001010101010001000100000101010101000100010100010100010100010101010001
100010000010101010100010101000001010101010001000100000101010101000100010100010100010100010101010001
100010000010101010100010101000001010101010001000101000101010101000100010100010100010100010101010001
100010000010101010100010101000001010101010001000101000101010101000100010100010100010100010101010001
100010000010101010100010101000001010101010001000101000101010101000100010100010100010100010101010001
100010000010101010000010101000001010101000001000101000101000101000100010100010100010100010101010001
100010000010101010000010001010001010101000001000101000101000101000100010100010100010100010101010001
100010000010101010000010001010001010101000001000101000101000101000100010100010100010100010101010001
100010100010101010000010001010001010101000001000101000101000101000101010100010100010100010101000001
100010100010101010000010001010001010101000001000101000101000101000101010100010100010100010101000001
101010100010101010000010001010001010101000001000101000101000101000101010000010100010100010101000001
101010100010101010000010001010001010101000001000101000101000101000101010000010100010100010101000001
101010100010101010000010001010001010101010001000101000101000101000101010000010100010000010101000001
101010100010101010000010001010001010001000001000101000101000101000101010100010100010000010101010001
100010100010101010000010001010001010001010001010101000101000101000101010000010100010000010101000001
100010100010101010000010001010001010001010001010101000101000101000101010000010100010000010101010001
100010100010101010000010001010001010001000001010101000101000101010101010000010100010000010101010001
100010100010101010001010001010001000001000101010100000100000101010101010000010000010000010101000001
100010100010101010001010001010001010001000101010100000100000101010101010000010000010000010101000001
100010100010101010001010001010001010001000101010100000101000101010101010000010000010000010101000001
100010100010101010001010001000001010001000101010100000100000101010101010000010000010001010101000001
100010100010101010001010001010001010001000101010100000101000100010101010000010100010001010101000001
100010100010101010001010001000001010001000101010100000101000100010101010000010100010101010101000001
100010100010101010001010001010001010001000101010100000101000100010101010000010100010001010101000001
100010100010101010001010001000001010001000101010100000101000100010101010000010100010101010101000001
100010100010101010001010001000001010001010101010100000101000100010101010000010100010101010101000001
100010100010101010001010001000001010001010101010100000101000100010101010000010100010101010101000001
100010100010101010001010101000001010001010101010100000101000100010101010000010100010001010101000001
100010100010101010001010101000001010001010101010100000101000100010101010000010100010001010101000001
100010000010101010001010101000001010001010101010100000101000100010101010000010100010001010101000001
100010000010101010001010101000001010001010101010100000101000101010101010000010100010001010101000001
101010000010101010001010001000001010001010101010100000101000101010101010000010100010001010101000001
101010000010101010001010001000001010001010101010100000101000101010101010000010100010001010101000001
101010000010101010001010001000001010001010101010100000101000101010101010000010100010001010101000001
101010000010101010001010001000001010001010101010100000101000101010101010000010100010101010101000001
101010000010101010001010001000001010001010101010100000101000101010101010000010100010101010101000001
101010000010101010001010001000001010001010101010100000101000101010101010000010100010101010101000001
101000101010101010000010101010101010101000101010101010101010100010101010100010101010001010101010001
101000101010101010000010101010101010101000101010101010101010100010101010100010101010001010101010001
101000101010101010000010100010101010101000101010001010101010100010101010101010101010001010101010001
101000101010101010000010100010101010101000101010001010101010100010101010101010101010001010101010001
101000101010101010000010100010101010101000101010001010101010100010101010101010101010001010101010001
101000101010101010000010100010101010101000101010001010101010100010101010101010101010001010101010001
101010101010101010000010100010101010101000101010001010101010100010101010101010101010001010101010001
101010101010101010000010100010101010101000101010001010101010100010101010101010101010001010101010001
101010101010101010000010101010101010101000101010001010101010100010101010101010101010001010101010001
101010101010101010000010101010101010101000101010001010101010100010101010101010101010001010101010001
101010101010101010000010101010101010101000101010001010101010100010101010101010101010001010101010001
101010101010101010001010101010101010101000101010101010101010100010101010100010101010001010101010001
101010101010101010001010101010101010101000101010101010101010100010101010100010101010001010101010001
101010101010101010001010101010101010101000101010101010101010100010101010100010101010001010101010001
101010101010101010001010101010101010101000101010101010101010100010101010100010101010001010101010001
101010101010101010001010101010101010101000101010101010101010100010101010100010101010001010101010001
101010101010101010001010101010101010101000101010101010101010100010101010100010101010001010101010101
101010101010101010001010101010101010101000101010101010101010100010101010100010101010001010101010101
101010101010101010001010101010101010101000101010101010101010100010101010100010101010001010101010101
101010101010101010001010101010101010101000101010101010101010100010101010100010101010001010101010101
101010101010101010001010101010101010101000101010101010101010100010101010100010101010001010101010101
101010101010101010001010101010101010101000101010101010101010100010101010100010101010001010101010101
101010101010101010001010101010101010101000101010101010101010100010101010100010101010001010101010101
101010101010101010001010101010101010101000101010101010101010100010101010100010101010001010101010101
101010101010101010001010101010101010101000101010101010101010100010101010100010101010001010101010101
101010101010101010001010101010101010101000101010101010101010100010101010100010101010001010101010101
101010101010101010001010101010101010101000101010101010101010100010101010100010101010001010101010101
101010101010101010001010101010101010101000101010101010101010100010101010100010101010001010101010101
101010101010101010001010101010101010101000101010101010101010100010101010100010101010001010101010101
101010101010101010001010101010101010101000101010101010101010100010101010100010101010001010101010101
101010101010101010001010101010101010101000101010101010101010100010101010100010101010001010101010101
101010101010101010001010101010101010101000101010101010101010100010101010100010101010001010101010001
101010101010101010001010101010101010101000101010101010101010100010101010101010101010001010100010001
101010101010101010001010101010101010101000101010101010101010100010101010101010101010001010100010001
101010101010101010001010101010101010101000101010101010101010100010101000101010101010001010000010001
101010101010101010001010101010101010101000101010101010101010100010101000101010101010001010000010001
101010101010101010001010101010101010101000101010101010101010100010101000100010101010001010000010001
101010101000101010001010101010101010101000101010101000101010100010101000100010101010101010000010101
101010100010101010101010101010001010101010101010101010101010101010101000101010101010101010000010101
101010101010101010101010101010101010101010101010101010101010101010101010101000101010101010000010100
101010101010101010101010101010100010101010101010101010001010101010101010101010101010101010000010101
101010101000101010101010101010101010101010101010101010101010101010101010101010101010101010000010101
101010101010101010101010101010101010101010101010101010101010101010101010101010101010101010001010101
101010101010101010101010101010101010101010101010101010101010101010101010101010101010001010001010101
101010101010101010001010101010101010101000101010101010101010100010101010101010101010001010001010101
101010101010101010101010101010101010101010101010101010101010101010101010101010101010101010001010100
101010101010101010101010101010101010101010101010101010101010100010101010101010101010001010001010100
101010101010101010101010101010101010101010101010101010101010100010101010101010101010001010001010100
101010101010101010101010101010101010101010101010101010001010101010101010101000101010101010101010100
101010101010101010101010101010101010101010101010101010001010101010101010101000101010101010101010100
101010101010101010101010101010101010101010101010101010001010101010101010101000101010101010101010101
101010101010101010101010101010101010101010101010101010101010101010101010101010101010101010101010100
101010101010101010101010101010101010101010101010101010101010101010101010101010101010101010101010100
101010101010101010101010101010101010101010101010101010101010101010101010101010101010101010101010101
101010101010101010101010101010101010101010101010101010101010101010101010101010101010101010101010101
101010101010101010101010101010101010101010101010101010101010101010101010101010101010101010101010101
100010101010101000100010001010101000100010000000101010100010101010000010101010001010101000001010101
100010101010101000100010001010101000100010000000101010100010001010000010101010001010101000001010101
100010101010101000100010001010101000100010000000101010100010001010000010101010001000101000001000101
100010101010101000100010001010101000100010100000101010100010001010000010001010001000101000001010101
100010101010101000100010001010101000100010100000101010100010001010000010001010001000101000001010101
100010101010101000100010001010101000100010100000101010100010001010000010101010001000101000001010101
100010001010101000101010001010101000100010100000101010100010001010000010101010001000101000001010101
100010101010101000101010001010101000100010100000101010100010001010000010101010001010101000001010101
100010100010101000101010001010101010100010100000101010100010101010000010101010001010101000001010101
100010101000101000101010001010000000101010101000101010000010101010000010101000001010101000001010100
100010101010101010101010001010001000101010101000101000100010101010000010100010001010101000001010100
100010101000101010101010001010100010101010101000101000000010101010000010100000001010101000001010100
100010101000101010101010001010100010101010101000101010000010101010000010101000001010101000001010100
100010101000101010100010001010100010101010101000101010000010101010000010101000001010101000001010100
100010101000101010101010001010100010101010101000101010000010101010000010101000001010101000001010100
100010101000101010101010001000100010101010101000100010000010101010100010001000001010101000001010100
100010001000101010101010001000100000101010101000100010000010101010100010101000001010101000001000101
101010001000101010101010100010100000101010101010001010100010101010100010101000001010101000001010100
101000101010101010101010101010101000101010101010001010100010101010100000001010001010101000000000101
101000001010101010101010100000100000101010101010100010100010101010100010101010001010101000001010101
101010001010101010100010101010101010101010001010101010100010101000101010101010001010100010001010101
101010101010001000100010101010101000100010101010101010100010001000101010101010001010101010001010101
101010001010001010101010101000101000101010101010100010100010001010101010001010001000101000001010001
101010101010001010101010101000001000100010101010100000100010001010101010001010001000101000001000101
101010101010101010101010101010101000101010101010101010100010101010101010100010001010101010101010001
101010001010101010101010101000101000101010101010100000100010101010101010000010001010101010101000001
101010000010001010001010101010001000101010101010101000100010101010101010000010001010101010101000101
101010100010001010100010101010001000101000001010101000100010100000101010100010001010000010101010001
101010100000001010100010101010000000101010001010101000000010100000101010100000001010000010101010000
101010100000001010000010101010000000101000001010101000000010100000101010101000001010000010101010100
101010001000101000100010101000100010100000001010100010001010000000101010001000101000000010101000100
101010001010101000100010101000101010100000001010100010101010000000101010001000101000000010101000100
101010001000101000000010101000100010100000001010100010001010000000101010001000101000000010101000100
101010001000101000000010101000100010100000001010100010001010000000101010001000101000000010101000100
101010001000101000000010101000100010100000001010100010001010000000101010001000101000000010101000100
101010001010101000000010101000101010100000001010100010101010000000101000001010101000000010101000101
101010001010101000000010101000101010100000001010100010101010000000101010001010101000000010101000101
101010001000101000000010101000100010100000001010100010001010000000101010001000101000000010101000100
101010001000101000000010101000100010100000001010100010001010000000101010001000101000000010101000100
101010001000101000000010100000100010100000001010000010001010000000101010001000101000001010101000100
101000001000101000001010100000100010100000101010100010001010000010101010001000101000001010101000100
101000001000101000001010100000100010100000101010100010001010000010101010001000101000001010101000100
101000001000101000101010100000100010100010101010100010001010000010101010001000101000001010101000100
101000001000101000001010100000100010100000101010100010001010000010101010001000101000001010101000100
101000000000101000001010100000100010100000101010100010001010000010101010001000101000001010101000100
101000001000101000001010100000100010100000101010100010001010000010101010001000101000001010100010100
101000001000101000001010101000100010100000101010100010001010000010101010001000101000001010100010100
101000001000101000001010101000100010100000101010100010001010000010101010001000101000001000100010100
101010001000101000001000101000100010100000100010100010001010000010001000001000101000001000100010100
001010001000101000001000101000000010100000101010100000001010000010101000001000101000001010100010000
101010000000101000001010101000000010100000101010100000001010000010101000000000101000001010100010100
101010000000101000001010101000000010100000101010100010001010000010101000001000101000001010100010100
101010001000101000001010101000100010100000101010000010001010000010101000001000101000001010100010100
101010001000101000001010101000100010100000101010000010101010000010101000001010101000001010101010001
101010000010101000001010101000001010100000101010000000101010000010101000000010101000001010101010001
101010000010101000001010101000001010100000101010000000101010000010101000000010101000001010101010001
101010000010101000001010101000001010100000001010000000101010000010101000101010101000001010101010101
101010000010101000001010101000001010100000101010000010101010000010101000001010101000001010101000001
101010000010101000001010101000101010100000101010000010101010000010101000100010101000001010101000001
101010000010101000001010100000001010100000101010001000101010000010101000100010101000001010101000001
101010000010101000001010100000001010100000101010001000101010000010101000100010101000001010101000001
101010000010101000000010100000001010100000001010001000101010000000101010100010101000001010101000001
101010000010101000000010100000001010100000001010000000101010000010101010100010101000001010101000001
101010000010101000001010100000001010100000101010000000101010000010101010100010101000001010101000001
101010000010101000001010100010001010100000101010000000101010000010101010100010101000001010101000001
101010000010101000001010100010001010100000101010001000101010000000101010100010101000000010101000001
101010100010101000000010100010001010100000001010001000101010000000101010100010101000000010101010001
101010100010101000000010100010001010100000001010001000101010000000101010100010101000001010101010001
101010100010101000000010100010001010100000101010001000101010000010101010100010101000001010101010001
101010100010101000001010100010001010100000101010001000101010000010101010100000101000001010101010001
101010100010101000001010100010001010100000101010001000101010000010101010100010101000000010101010001
101000100010101000000010100010001010100000001010001000101010000000101010100010101000000010101010001
101000100010101000000010100010001010100000001010001000101010000000101010100010101000000010101010001
101000100010101000000010100010001010100000001010001000101010000000101010100010101000000010101010001
101000100010101000000010100010001010100000001010001000101010000000101010100010101000000010101010001
101000100010101000000010100010001010100000001010001000101010000000101010100010101000000010101010001
000000101010000010101000000010101000001010100000001010100000101010000000101010000010101000000010101
000000101010000010101000000010101000001010100000001010100000101010000000101010000010101000000010101
000000101010000010101000000010101000001010100000001010100000101010000000101010000010101000000010101
000000101010000010101000000010101000001010100000001010100000101010000000101010000010101000000010101
000000101010000010101000000010101000001010100000001010100000101010000000101010000010101000000010101
000000101010000010101000000010101000001010100000001010100000101010000000101010000010101000000010101
000000101010000010101000000010101000001010100000001010100000101010000000101010000010101000000010101
000000101010000010101000000010101000001010100000001010100000101010000000101010000010101000000010101
000000101010000010101000000010101000001010100000001010100000101010000000101010000010101000000010101
000000101010000010101000000010101000001010100000001010100000101010000000101010000010101000000010101
000000101010000010101000000010101000001010100000001010100000101010000000101010000010101000000010101
000000101010000010101000000010101000001010100000001010100000101010000000101010000010101000000010101
000000101010000010101000000010101000001010100000001010100000101010000000101010000010101000000010101
000000101010000010101000000010101000001010100000001010100000101010000000101010000010101000000010101
000000101010000010101000000010101000001010100000001010100000101010000000101010000010101000000010101
000000101010000010101000000010101000001010100000001010100000101010000000101010000010101000000010101
000000101010000010101000000010101000001010100000001010100000101010000000101010000010101000000010101
000000101010000010101000000010101000001010100000001010100000101010000000101010000010101000000010101
000000101010000010101000000010101000001010100000001010100000101010000000101010000010101000000010101
000000101010000010101000000010101000001010100000001010100000101010000000101010000010101000000010101
000000101010000010101000000010101000001010100000001010100000101010000000101010000010101000000010101
000000101010000010101000000010101000001010100000001010100000101010000000101010000010101000000010101
000000101010000010101000000010101000001010100000001010100000101010000000101010000010101000000010101
000000101010000010101000000010101000001010100000001010100000101010000000101010000010101000000010101
000000101010000010101000000010101000001010100000001010100000101010000000101010000010101000000010101
000000101010000010101000000010101000001010100000001010100000101010000000101010000010101000000010101
000000101010000010101000000010101000001010100000001010100000101010000000101010000010101000000010101
000000101010000010101000000010101000001010100000001010100000101010000000101010000010101000000010101
000000101010000010101000000010101000001010100000001010100000101010000000101010000010101000000010101
000000101010000010101000000010101000001010100000001010100000101010000000101010000010101000000010101
000000101010000010101000000010101000001010100000001010100000101010000000101010000010101000000010101
000000101010000010101000000010101000001010100000001010100000101010000000101010000010101000000010101
000000101010000010101000000010101000001010100000001010100000101010000000101010000010101000100010101
000000101010000000101000000010101000000010100000001010100000001010000000101010000000101000100010101
000000101010000000101000000010101000000010100000001010100000001010000000101010000000101000100010101
000000101010000010101000000010101000001010100000001010100000101010000000101010000010101000100010101
000000101010000010101000000010101000001010100000001010100000101010000000101010000010101000000010101
000000101010000010101000000010101000001010100000001010100000101010000000101010000010101000000010101
000000101010000010101000000010101000001010100000001010100000101010000000101010000010101000000010101
000000101010000010101000000010101000001010100000001010100000101010000000101010000010101000000010101
000000101010000010101000000010101000001010100000001010100000101010000000101010000010101000000010101
000000101010000010101000000010101000001010100000001010100000101010000000101010000010101000000010101
000000101010000010101000000010101000001010100000001010100000101010000000101010000010101000000010101
000000101010000010101000000010101000001010100000001010100000101010000000101010000010101000000010101
000000101010000010101000000010101000001010100000001010100000101010000000101010000010101000000010101
000000101010000010101000000010101000001010100000001010100000101010000000101010000010101000000010101
000000101010000010101000000010101000001010100000001010100000101010000000101010000010101000000010101
000000101010000010101000000010101000001010100000001010100000101010000000101010000010101000000010101
000000101010000010101000000010101000001010100000001010100000101010000000101010000010101000000010101
000000101010000010101000000010101000001010100000001010100000101010000000101010000010101000000010101
000000101010000010101000000010101000001010100000001010100000101010000000101010000010101000000010101
000000101010000010101000000010101000001010100000001010100000101010000000101010000010101000000010101
000000101010000010101000000010101000001010100000001010100000101010000000101010000010101000000010101
000000101010000010101000000010101000001010100000001010100000101010000000101010000010101000000010101
000000101010000010101000000010101000001010100000001010100000101010000000101010000010101000000010101
000000101010000010101000000010101000001010100000001010100000101010000000101010000010101000000010101
000000101010000010101000000010101000001010100000001010100000101010000000101010000010101000000010101
000000101010000000101000000010101000000010100000000010100000001010001000001010000000101000100000101
000010101010000000101000000010101000000010100000000010100000001010001000001010000000101000100000101
000010101010000000101000000010101000000010100000000010100000001010000000001010000000101000100010101
000010101010000000101000000010101000000010100000000010100000001010000000101010000000101000100000101
000000001010000000101000000000101000000010100000000010100000001010000000001010000000101000000000101
000000001010000000101000000000101000000010100000000010100000001010000000001010000000101000000000101
000000001010000000101000000000101000000010100000000010100000001010000000001010000000101000000000101
000000001010000000101000000000101000000010100000000010100000001010000000001010000000101000000000101
000000001010000000101000000000101000000010100000000010100000001010000000001010000000101000000000101
000000001010000000101000000000101000000010100000001010100000001010000000001010000000101000000010101
000000001010000000101000000000101000000010100000000010100000001010000000101010000000101000000010101
000000001010000000101000000000101000000010100000000010100000001010000000101010000000101000000010101
000000001010000000101000000010101000000010100000000010100000001010000000101010000000101000000010101
000000001010000000101000000010101000000010100000001010100000001010000000101010000000101000000010101
000000001010000000101000000000101000000010100000001010100000001010000000101010000000101000000010101
000000001010000000101000000000101000000010100000001010100000001010000000101010000000101000000010101
000000001010000000101000000000101000000010100000001010100000001010000000101010000000101000000010101
000000001010000000101000000010101000000010100000001010100000001010000000101010000000101000000010101
000000101010000000101000000010101000000010100000001010100000001010000000101010000000101000000010101
000000101010000000101000000010101000000010100000001010100000001010000000101010000000101000000010101
000000101010000000101000000010101000000010100000001010100000001010000000101010000010101000000010101
000000101010000000101000000010101000000010100000001010100000001010000000101010000010101000000010101
000000101010000000101000000010101000000010100000001010100000001010000000101010000010101000000010101
000000101010000000101000000010101000000010100000001010100000001010000000101010000010101000000010101
000000101010000000101000000010101000000010100000001010100000001010000000101010000010101000000010101
000000101010000000101000000010101000000010100000001010100000001010000000101010000010101000000010101
000000101010000000101000000010101000000010100000001010100000001010000000101010000010101000000010101
000000101010000000101000000010101000000010100000001010100000001010000000101010000010101000000010101
000000101010000000101000000010101000000010100000001010100000001010000000101010000010101000000010101
000000100000000000000000000010000000000000000000001000001000000000000010000000100000000000000000000
000000100000000000000000000010000000000000001000001000001000000000100010000000100000000010000000000
000000100000000000000000000010000000000000001000001000001000000000100010000000100000000010000000000
000000100000000000000000000010000000000000001000001000001000000000100010000000100000000010000000000
100000100000000000000010000010000000000000001000001000001000000000100010000000100000000010000000000
100000100000000000000010000010000000000000001000001000001000000000100000000000100000000010000000000
100000100000000000000010000010000000000000001000000000000000000000100000000000100000000010000000000
100000100000000000000010000010000000000000001000000000000000000000100000000000100000000010000000000
100000100000000000000010000010000000000000001000000000001000000000100000000000100000000010000000000
100000100000000000000010000010000000000000001000000000000000000000100000000000100000000010000000000
100000100000000000000010000010000000000000001000000000000000000000100000000000100000000010000000000
100000100000000000000010000010000000000000001000000000000000000000100000000000100000000010000000000
100000100000000000000010000010000000000000001000000000000000000000100000000000100000000010000000000
100000100000000000000010000000000000000000001000000000000000000000100000000000100000000010000000000
100000100000000000000010000000000000000000001000000000000000000000100000000000100000000010000000000
100000000000000000000010000000000000000000001000000000000000000000100000000000000000000010000000000
100000000000000000000010000000000000000000001000000000000000000000100000000000100000000010000000000
100000000000000000000010000000000000000000001000000000000000000000100000000000100000001010000000100
100000000000100000001010000000000010000000101000000000001000000010100000000000100000001010000000100
100000000000100000001010000000000010000000101000000000001000000010100000000000100000001010000000100
000000000000100000001000000000000010000000100000000000001000000010000000000000100000001000000000000
000000000000100000001000000000000010000000100000000000001000000010000000000000100000001000000000000
000000000000100000001000000000000010000000100000000000001000000010000000000000100000001000000000000
000000000000100000001000000000000010000000100000000000001000000010000000000000100000001000000000000
000000000000100000001000000000000010000000100000000000001000000010000000000000100000001000000000000
000000000000100000001000000000000010000000100000000000001000000010000000000000100000001000000000000
010111010111111111011111011101011101111101111101110101110111110111110111010111011111011111011101011
010111010111111111011111011101011101111101111101110101110111110111110111010111011111011111011101011
010111010111011111011111011101011101111101111101110101110111110111110111010111011111011111011101011
010111010111011111011111011101011101111101111101110101110111110111110111010111011111011111011101011
010111010111111111010111011101011101111101011101110101110111110101110111010111011111010111011101011
000010101010001010000000001010001000101000000000101000100010100000000010100010001010000000001010001
000010101010101010000000001010001000101000000000101000100010100000000010100010001010000000001010001
000010101010001010000000001010101000101000000000101010100010100000000010101010001010000000001010101
000010101010001010000000001010101000101000000000101010100010100000000010101010001010100000001010101
000010101010001010100000001010101000101010000000101010100010101000000010101010001010100000001010101
000010101010001000100000001010101000100010000000101010100010101000000010101010001010100000001010101
000010101010001010100000001010101000101010000000101010100010101000000010101010001010000000001010101
000010101010001010100000001010101000101010000000101010100010100000000010101010001010000000001010101
010111111101111111110101011101010111111111010101110101011111111101010111011101111111110101011111110
010111111101111111110101011111110111111111010101111101011111111101010111110101111111110101011111010
010111110101111111110101011111010111111111010101111101011101111101010111110101111111110101011111010
010111110101110111110101011111010111111111010101111101011111111101010111110101111111110101011111010
010111110101111111110101011111010111111111010101111101011111111101010111110101111111110101011111010
010111110101111111110101011111010111111111010101111101011111111101010111110101111111110101011111010
010111110101111111110101111111010111011111010111111101011111111101011111110101111111110101111111010
010111110111110111110101011111011111011111010101111101111101111101010111110111111111110101011111011
010111110111110101110101011111011101011111010101111101111101111101010111110111111111110101011111011
010111110111110101110101011111011101011111010101111101111101111101010111110111110111110101011111011
000010100010000010100000001010001000001010000000101000100000101000000010100010000010100000001010001
010111110111010111110101011111011101011111010101111101110101111101010111010111110111110101011101011
010111110111110111110101011111010101011111010101111101111101111101010111010111110111110101011101011
010111110101110111110101111101010111011111010111110101011101111101011111010101110111110101111101010
010111010101110111110101111101010111011111010111110101011101111101011111010101110111110101111101010
010111010101110111110101111101010111011111010111110101011101111101011111010101110111110101111101010
010111010111110111010101111101011111011101010111111101011101111101011111110101110111110101111101010
010111010111110111010101111101011111011101010111110101111101110101011111010101110111110101111101010
010111010111110111110101111101010111011111010111110101011101111101011111010101110111110101111101010
010111010101110111110111111101010111011111010111110101011101111101011111010101110111110101111101010
010111010101110111110111111101010111011111011111110101011101111101011111010101110111110101111101010
010111010101110111110111111101010111011111011111110101011101111101011111010101110111110101111101010
010111010101110111010111111101010111011101011111110101011101110101111111010101110111010111111101010
010111010101110111010111111101010111011101011111110101011101110101111111010101110111010111111101010
010111010111110111110111111101010111011111011111110101011101110101111111010101110111010111111101010
010111010111110111110111111101011111011111011111110101011101111101111111010101110111110111111101010
010111010111110111110111111101011111011111011111110101111101111101111111010101110111110101111101010
010111010111110111110101111101011111011111010111110101111101111101011111010101110111110101111101010
010111010111110111110101111101011111011111010111110101111101111101011111010101110111110101111101010
010111110111110111110101111101010111011111010111110101010101111101011111010101010111110101111101010
010111110101010111110101111111010101011111010111111101010101111101011111110101010111110101111101010
010111010101010111010101111101010101011111010111110101010101111101011111110101010111110101111111010
010111010101011111010101111101010101011101010111110101010101110101011111010101010111010101111101010
010111010101011111010101111101010101111101010111110101010111110101011111010101011111010101111101010
010111010101011111010101111101010101111101010111110101010111110101011111010101011111010101111101010
010111010101011111010101111101010101111101010111110101010111110101011111010101011111010101111101010
010111010101011111010101111101010101111101010111110101010111110101011111010101011111010101111101010
010111010101011111010101111101010101111101010111110101010111110101011111010101011111010101111101010
010101010101011111010101111101010101111101010111110101010111110101011111010101011111010101111101010
010101010101011111010101110101010101111101010111110101010111110101011111010101011111010101111101010
010101010101011111010101110101010101111101010111010101010111110101011101010101011111010101111101010
010101010101011111010101110101010101111101010111010101010111110101011101010101011111010101110101010
010101010101011101010101110101010101111101010111010101010111110101011101010101011111010101110101010
010101010101011101010101110101010101111101011111010101010111110101111101010101011111010111110101010
010101010101011101010111110101010101110101011111010101010111110101111101010101011111010111110101010
010101010101011101010111110101010101110101011111010101010111010101111101010101011111010111110101010
010101010101011101010111110101010101110101011111010101010111010101111101010101011101010111110101010
010101010101011101010111110101010101110101011111010101010111010101111101010101011101010111110101010
010101010101011101010111110101010101110101011111010101010111010101111101010101011101010111110101010
010101010101011101010111110101010101110101011111010101010111010101111101010101011101010111110101010
010101010101011101010111110101010101110101011111010101010111010101111101010101011101010111110101010
010101010101011101010111110101010101110111011111010101010111011101111101010101011101110111110101010
010101010101011101010111110101010101110111011111010101010111011101111101010101011101110111110101010
010101010101011101010111110101010101110101011111010101010111010101111101010101011101010111110101010
010101010101011101010111110101010101110101011111010101010111010101111101010101011101010111110101010
010101010101011101010111110101010101110101011111011101010111010101111101110101011101010111110101010
010101010101011101010111110101010101110101011111010101010111010101111101010101011101010111110101010
010101010101011101010111110101010101110101011111010101010111010101111101010101011101010111110101010
110101010101011101010111110101010101110101011111010101010111010101111101010101011101010111110101010
110101010101111101010111110101010111110101011111010101010111010101111101010101011111010111110101010
110101010101111101010111110101010111110101011111010101011111010101111101010101111101010111110101010
110101010101111101010111110101010111110101011111010101011111010101111101010101111111010111110101010
110101010101111101010111110101010111110101011111010101011111110101111101010101111111010111110111010
110101010101111101010111110101010111111101011111010101011111110101111101010101111111010111110111010
110101010101111101010111110101010111110101011111010101011111110101111101110101111111010111110111010
110101010101111101010111110101010111111101011111010101011111110101111101110101111111010111110111010
110101010101111101010111110101010111111101011111011101011111110101111101110101111111010111110111010
110101010101111111010111110111010111111101011111011101011111110101111101110101111111010111110111010
010101110101111111010111110111010111111101011111011101011111110101111101110101111111010111110111010
010101110101111111010111110111010111111101011111011101011111110101111101110101111111010111110111010
010101110101111111010111110111010111111101011111011101011111110101111101110101111111010111110111010
010101110101111111010111110111010111111101011111011101011111110101111101110101111111010111110111010
010101110101111111010111110111010111111101011111011101011111110101111101110101111111010111110111010
010101110101111111010111110111010111111101011111011101011111110101111101110101111111010111110111010
010101110101111111010111110111010111111101011111011101011111110101111101110101111111010111110111010
010101110101111111010111110111010111111101011111011101011111110101111101110101111111010111110111010
010101110101111111010111110111010111111101011111011101010111110101111101110101011111010111110111010
010101110101011111010111110111010101111101011111011101010111110101111101110101011111010111110111010
010101110101011111010111110111010101111101011111011101010111110101111101110101011111010111110111010
010101110101011111010111110111010101111101011111011101010111110101111101110101011111010111110111010
010101110101011111010111110111010101111101011111011101010111110101111101110101011111010111110111010
010101110101011111010111110111010101111101011111011101010111110101110101110101011111010111010111010
110101110101011111010111110111010101111101011101011101010111110101110101110101011111010111010111010
110101110101011111010111010111010101111101011101011101010111110101110101110101011111010111010111010
110101110101011111010111010111010101111101011101011101010111110101110101110101011111010111010111010
010101110101011111010111010111010101111101011101111101010111110101110111110101011111010111011111010
010101110101011111010101011111010101111101010101111101010111110101110111110101011111010111011111010
010101110101011111010101011111010101111101010101111101010111110101010111110101011111010101011111010
010101110101011111010101011111010101111101010101111101010111110101010111110101011111010101011111010
010101110101011111010101011111010101111101010101111101010111110101010111110101011111010101011111010
010101110101011111010101011111010101111101010101111101010111110101010111110101011111010101011111010
010101110101011111010101011111010101111101010101111101010111110101010111110101011111010101011111010
010101110101111111010101011111010111111101010101111101011111110101010111110101111111010101011111010
010101110101111111010101011111010111111101010101111101011111110101010111110101111111010101011111010
010101110101111111010101011111010111111101010101111101011111110101010111110101111111010101011111010
010101110101111111010101011111010111111101010101111101011111110101010111110101111111010101011111010
010101110101111111010101011111010111111101010101111101011111110101010111110101111111010101011111010
010101110101111111010101011111010111111101010101111101011111110101010111110101111111010101011111010
010101110101111111010101011111010111111101010101111101011111110101010111110101111111010101011111010
010101110101111111010101011111010111111101010101111101011111110101010111110101111111010101011111010
010101110101111111010101011111010111111101010101111101011111110101010111110101111111010101011111010
010101110101011111010101011111010101111101010101111101011111110101010111110101111111010101011111010
010101110101011111010101011111010101111101010101111101010111110101010111110101111111010101011111010
010101110101011111010101111111010101111101010111111101010111110101011111110101011111010101111111010
010101110101011111010101111111010101111101010111111101010111110101011111110101011111010101111111010
010101110101011111010101111111010101111101010111111101010111110101011111110101011111010101111111010
010101110101011111010101110111010101111101010111011101010111110101011111110101011111010101111111010
010101110101011111010101110111010101111101010111011101010111110101011101110101011111010101111111010
010101110101010111010101110111010101011101010111011101010101110101011101110101010111010101110111010
010101110101010111010101110111010101011101010111011101010101110101011101110101010111010101110111010
010101110101010101010101110111010101011101010111011101010101110101011101110101010111010101110111010
010101110101010101010101110111010101011101010111011101010101110101011101110101010111010101110111010
010101110101010101010101110111010101011101010111011101010101110101011101110101010111010101110111010
010101110101010101010101110111010101010101010111011101010101110101011101110101010111010101110111010
010101110101010111010101110111010101010101010111011101010101110101011101110101010111010101110111010
010101110101010111010101110111010101010101010111011101010101110101011101110101010111010101110111010
110101110101010111010101110111010101010101010111011101010101110101011101110101010111010101110111010
110101110101010111010101110111010101010101010111011101010101010101011101110101010111010101110111010
110101110101010101010101110111010101010101010111011101010101010101011101110101010111010101110111010
110101110101010101010101110111010101010101010111011101010101010101011101110101010111010101110111010
110101110101010101010101110111010101010101010111011101010101010101011101110101010111010101110111010
110101110101010101010101110111010101010101010111011101010101010101011101110101010111010101110111010
110101110101010101010101110111010101010101010111011101010101010101011101110101010101010101110111010
110101110101010101010101110111010101010101010111011101010101010101011101110101010101010101110111010
110101110101010101010101110111010101010101010111011101010101010101011101110101010101010101110111010
110101110101010101010101110111010101010101010111011101010101010101011101110101010101010101110111010
110101110101010101010101111111010101010101010111011101010101010101011111110101010101010101111111010
110101110101010101010101111111010101010101010111011101010101010101011111110101010101010101111111010
110101110101010101010101111111010101010101010111011101010101010101011111110101010101010101111111010
110101110101010101010101110111010101010101010111011101010101010101011101110101010101010101111111010
110101110101010101010101111111010101010101010111011101010101010101011101110101010101110101111111010
110101110101010101010101111111010101010101010111011101010101010101011111110101010101110101111111010
110101110101010101010101110111010101010101010111011101010101011101011101110101010101110111110111010
110101110101010101010101110111010101010111010111011101010101011101011101110101010101110111110111010
110101110101010101010101110111010101010111010111011101010101011101011101110101010101110111110111010
110101110101010101110101110111010101010111010111011101010101011101011101110101010101110111110111010
110101110101010101110101110111010101010111010111011101010101011101011101110101010101110111110111010
110101110101010101110101110111010101010111010111011101010101011101011101110101010101110111110111010
110101110101010101110101010111010101010111010101011101011101011101011101110101110101110111110111010
110101110101010101110101010111010111010111010101011101011101011101110101110101110101110111010111010
110101110101010101110111010111010111010111011101011101011101011101110101110101110101110111010111010
110101110101010101110111010111010111010111011101011101011101011101110101110101110101110111010111010
110101110101010101110111010111010111010111011101011101011101011101110101110101110101110111010111010
110101110101010101110111010111010111010111011101011101011101011101110101110101110101110111010111010
110101110101010101110111010111010111010111011101011101011101011101110101110101110101110111010111010
110101110101010101110111010111010111010111011101011101011101011101110101110101110101110111010111010
110101110101010101110111010111010111010111011101011101011101011101110101110101110101110111010111010
110101110101010101110111010111010111010111011101011101011101011101110101110101110101110111010111010
110101110101010101110111010111010111010111011101011101011101011101110101110101110101110111010111010
110101110101010101110111010111010111010111011101011101011101011101110101110101110101110111010111010
110101110101010101110111010111010111010111011101011101010101011101110101110101010101110111010111010
111101110101010101110111010111010101010111011101011101010101011101110101110101010101110111010111010
111101110101010101110111010111010101010111011101011101010101011101110101110101010101110111010111010
111101110101010101110111010111010101010111011101011101010101011101110101110101010101110111010111010
111101110101010101110111010111010101010111011101011101010101011101110101110101010101110111010111010
110101110101010101110111010111010101010111011101011101010101011101110101110101010101110111010111010
110101110101010101110111010111010101010111011101011101010101011101110101110101010101110111010111010
110101110101010101110111010111010101010111011101011101010101011101110101110101010101110111010111010
110101110101010101110111010111010101010111011101011101010101011101110101110101010101110111010111010
110101110101010101110111010111010101010111011101011101010101011101110101110101010101110111010111110
110101110101010101110111010111010101010111011101011101010101011101110101111101010101110111010111110
001000000010000000001000100000001000100000100010000010100010000010001010001010001000001000101000101
001000000010000000001000100000101000100000100010000010100010000010001010001010001000001000101000101
001000000010000000001000100000101000100000100010000010100010000010001010001010001000001000101000101
001000000010000000001000100000101000100000100010000010100010000010001010001010001000001000101000101
001000000010000000001000100000101000100000100010000010100010000010001010001010001000001000101000101
001000000010000000001000100000101000100000100010000010100010000010001010001010001000001000101000101
001000000010000000001000100000001000100000100010000010100010000010001010001010001000001000101000101
111101010111110101011111110101011111110101111111010111111111010111111101011111111101011111110101111
111101010111110101011111110101011111110101111111010111111111010111111101011111111101011111110101111
111101010111110101011111110101011111110101111111010111111111010111111101011111111101011111110101111
111101010111110101011111110101011111110101111111010111111111010111111101011111111101011111110101111
111101010111110101011111110101011111110101111111010111111111010111111101011111111101011111110101111
111101010111110101011111110101011111110101111111010111111111010111111101011111111101011111110101111
111101010111110101011111110101011111110101111111010111111111010111111101011111111101011111110101111
101000000010000000001010100000001000100000100010000010101010000010001000001010001000001000100000101
101000000010000000001010100000001000100000100010000010101010000010001000001010001000001000100000101
101000000010000000001010100000001000100000100010000010101010000010001000001010101000001000100000101
101000000010000000001010100000001000100000100010000010101010000010001000001010101000001000100000101
101000000010000000001010100000001000100000100010000010101010000010001000001010101000001000100000101
101000000010000000001010100000001000100000100010000010101010000010001000001010101000001000100000101
101000000010000000001010100000001000100000100010000010101010000010001000001010101000001000100000101
101000000010000000001010100000001000100000100010000010101010000010001000001010101000001000100000101
101000000010000000001010100000001000100000100010000010101010000010001000001010101000001000100000101
101000000010000000001010100000001000100000100010000010101010000010001000001010101000001000100000101
101000000010000000001010100000001000100000100010000010101010000010001000001010101000001000100000101
101000000010000000001010100000001000100000100010000010101010000010001000001010101000001000100000101
101000000010000000001010100000001000100000100010000010101010000010001000001010101000001000100000101
101000000010000000001010100000001000100000100010000010101010000010001000001010101000001000100000101
101000000010000000001010100000001000100000100010000010101010000010001000001010101000001000100000101
101000000010000000001010100000001000100000100010000010101010000010001000001010101000001000100000101
101000000010000000001010100000001000100000100010000010101010000010001000001010101000001000100000101
111101010111110101011111110101011111110101111111010101111111010111111101011111111101011111110101111
111101010111110101011111110101011111110101111111010101111111010111111101011111111101011111110101111
111101010111110101011111110101011111110101111111010101111111010111111101011111111101011111110101111
111101010111110101011111110101011111110101111111010101111111010111111101011111111101011111110101111
111101010111110101011111110101011111110101111111010101111111010111111101011111111101011111110101111
111101010111110101011111110101011111110101111111010101111111010111111101011111111101011111110101111
111101010111110101011111110101011111110101111111010101111111010111111101011111111101011111110101111
111101010111110101011111110101011111110101111111010101111111010111111101011111111101011111110101111
111101010111110101011111110101011111110101111111010101111111010111111101011111111101011111110101111
111101010111110101011111110101011111110101111111010101111111010111111101011111111101011111110101111
111101010111110101011111110101011111110101111111010101111111010111111101011111111101011111110101111
111101010111110101011111110101011111110101111111010101111111010111111101011111111101011111110101111
111101010111110101011111110101011111110101111111010101111111010111111101011111111101011111110101111
101000000010000000001010100000001010100000100010000000101010000010001000001010101000001000100000101
101000000010000000001010100000001010100000100010000000101010000010001000001010101000001000100000101
101000000010000000001010100000001010100000100010000000101010000010001000001010101000001000100000101
101000000010000000001010100000001010100000100010000000101010000010001000001010001000001000100000101
101000000010000000001010100000001010100000100010000000101010000010001000001010001000001000100000101
111101010111110101011111110101011111110101111111010101111111010111111101011111111101011111110101111
111101010111110101011111110101011111110101111111010101111111010111111101011111111101011111110101111
111101010111110101011111110101011111110101111111010101111111010111111101011111111101011111110101111
111101010111110101011111110101011111110101111111010101111111010111111101011111111101011111110101111
111101010111110101011111110101011111110101111111010101111111010111111101011111111101011111110101111
111101010111110101011111110101011111110101111111010101111111010111111101011111111101011111110101111
111101010111110101011111110101011111110101111111010101111111010111111101011111111101011111110101111
111101010111110101011111110101011111110101111111010101111111010111111101011111111101011111110101111
111101010111110101011111110101011111110101111111010101111111010111111101011111111101011111110101111
101000000010000000001010100000001010100000100010000000101010000010001000001010101000001000100000101
101000000010100000001010100000001010100000100010000000101010000010001000001010101000001000100000101
101000000010100000001010100000001010100000100010000000101010000010001000001010101000001000100000101
011101011101010101010101110101110101010101010111010111010101010101011101011101010101111101010101110
111101011101010101010111110101110101010101011111010111010101011101111101011101010101111101110101110
011101011101010101010101110101110101010101011111010111010101011111111101011101010101111111110101110
011101011101010101010101110101110101010101010111010111010101011111011101011101010111111101110101110
010101011101010101010101010101110101010111110101010111010101011111010101011101010111111101010101110
010101010101010101010101010101110101010111110101010111010101011111110101011101010111111111010101110
011101010101010101011101010101110101010111110101010111010101011111010101011101010101111111010101110
011101010101010101111101010101010101010111110101010101010101011111010101011101010101111101010101110
010101010101010101111101010101010101010111111101010101010101011111110101011101010101111111010101110
010101010101010101111101010101010101010111110101010101010101011111010101011101110101111101010101110
010101010101110101111101010101010111010111110101010111011101011111010101011101110101111101010101110
010101010101110101111101010101110111010111110101010111011101011111010101011101110101011101010101110
110101010101110101111111010101110111010111111111010111011101011111110101011101110101011111010101110
110101010101110101111111010101110111010111110111010111011101011111111101011101110101011111010101110
100000000000100000101010000000100010000010101010000010001000001010101000001000100000001010100000100
100000001000100000100010000000100010000010001010000010001000001010101000001000100000001010100000100
110101011101110101110111010101110111010111011111010111011101010101111101011101110101010111110101110
110101010101110101110111010101110111010111011111010111011101010101111101011101110101010111110101110
110101010101110101110111010101010111010111011111010101011101010101111101011101110101110111110101110
110101010101110101110111010101010111010111011111010101011101010101111101010101110101110111110101010
110101011101110101110111010101110111010111011111010111011101010101111101011101110101010111110101010
110101011101110101110111010101110111010111011111010111011101011101111101011101110101010111110101110
110101011101110101110111010101110111010111011111010111011101011101111101011101110101110111110101110
100000001000100000100010100000100010000010001010000010001000001000101000001000100000100010100000100
110101010101110101110111110101010111010111011111010101011101011101111101011101110101110111110101110
110101010101110101010111110101010111010111011111010101011101011101111101010101110101110111110101010
110101010101110101010111110101010111010111011111010101011101011101111101010101110101110111110101010
101000001010100000000010100000001010000010001010000000101000001000101000000010100000100010100000001
1.0 0.0 0.0 
1.0 0.0 0.0 
0.16580336337078158 0.23694627428228374 0.9572699242108682 
0.11426420382655994 0.15561849122506974 0.9811863110096447 
0.09246909842660857 0.10384630901783182 0.9902855194031382 
0.07311577086048786 0.07883659659968793 0.9942026328108644 
0.06009810016480272 0.050939669916011183 0.9968918539066458 
0.05120148804803528 0.03527189847354206 0.9980652788268607 
0.04090967939829306 0.03065850554132724 0.9986923721394397 
0.034539378948977045 0.024849976390134636 0.999094344882018 
0.030429811698045393 0.024626723889600646 0.999233481740122 
0.02681927002952288 0.02314468845465579 0.9993723280896968 
0.021576302461586656 0.0229872587562107 0.9995029009997726 
0.01984682508756708 0.025318613312643984 0.999482401722946 
0.01590409860038671 0.021294105007077256 0.9996467479763322 
0.014546052414246191 0.018376105430882445 0.9997253278317775 
0.01285107698990685 0.018915401523544605 0.9997384945101406 
0.01250259258243613 0.014802502239010685 0.9998122679314261 
0.011806772754575869 0.015789658327578716 0.999805624512595 
0.011657917015187882 0.013508219542316574 0.999840797815164 
0.009484244870940487 0.01682264138260735 0.9998135065281626 
0.008747514514349825 0.015414211488334679 0.9998429292013892 
0.007938748854763906 0.014818325371852833 0.9998586867651823 
0.006858525946652518 0.015774609677300794 0.999852050211114 
0.00638470570672043 0.016289573011616893 0.9998469309570028 
0.006766181508751435 0.01717802200953163 0.9998295526476654 
0.006799220395139987 0.016019528171338723 0.9998485611927368 
0.007342776917463106 0.013879762129306118 0.9998767103150138 
0.008110894121217951 0.013440910258018319 0.9998767700711874 
0.009371506234074945 0.01341668814996736 0.9998660747070035 
0.010641122668102918 0.011024041855023288 0.999882611614754 
0.010104435139489854 0.01026546199430244 0.9998962549587609 
0.01005892157993729 0.010804026882154866 0.9998910396137062 
0.010710166325628642 0.010810920477327879 0.9998842014632046 
0.010026893130497146 0.009614553493234975 0.999903506232114 
0.010174479072167742 0.010154351517128835 0.9998966792228469 
0.010099706197404792 0.009787862679357433 0.9999010919480467 
0.011060489147848313 0.010244551423826716 0.9998863509149102 
0.010510646877599592 0.011205982097690073 0.9998819691680816 
0.010873103155656956 0.011770789779825293 0.9998716038250739 
0.011264114985182474 0.011163272415932856 0.9998742426238253 
0.01164856502118968 0.009996000433408446 0.9998821885143682 
0.011584639528535263 0.009751244403149683 0.9998853481072637 
0.011547224836455242 0.010045884085467607 0.999882864045343 
0.011660734886802524 0.010169128349856308 0.9998803008813124 
0.010696572701645304 0.010485058552177743 0.9998878171473017 
0.011185751443699774 0.009594978511112408 0.9998914017792188 
0.011739242813554545 0.010791228359538971 0.9998728617022549 
0.012195637480297615 0.011408170821801575 0.9998605503093667 
0.012385552090142433 0.010217071878920427 0.9998710964627606 
0.012828126485182851 0.008867832919843607 0.9998783929609569 
0.012964406195540774 0.008350810206762472 0.9998810870002931 
0.012436653799553032 0.007717567527716162 0.9998928786593718 
0.011539971398103824 0.009405177387285316 0.9998891797086539 
0.011633817746902697 0.008705235597812139 0.999894431006503 
0.012180160215045085 0.00840531717319227 0.9998904911740855 
0.01211332574578923 0.008780399044329349 0.9998880797029228 
0.012015269823214108 0.008241629803360432 0.9998938487805892 
0.012054437413846066 0.008110080597295434 0.9998944529955854 
0.012066425593100168 0.008262331452823384 0.9998930619083072 
0.015469395858550523 0.01239781856815681 0.9998034766325442 
0.015619537796627102 0.01144622419597187 0.999812489415228 
0.015153989899155965 0.01055114249987962 0.9998295004559945 
0.015180467597305547 0.009571173644905695 0.9998389600523607 
0.014550308297106934 0.00922899499205811 0.9998515460706633 
0.014458974444491913 0.00856641263319863 0.999858767342974 
0.014302629685696178 0.008361692531341417 0.9998627490221271 
0.013800563943771726 0.008276306061239289 0.9998705152132522 
0.013720400630811397 0.007635876415679177 0.9998767143992775 
0.01225789829036915 0.007250159694303657 0.9998985844143945 
0.012181067124534253 0.006784010155990612 0.9999027946805185 
0.011419580600452964 0.006849739638970028 0.9999113331919927 
0.011711638229748255 0.008391328422345398 0.9998962061820637 
0.01151707513570002 0.009181444513774843 0.9998915231448655 
0.011691947130599973 0.009335430654665093 0.9998880677889836 
0.01169731340180426 0.009803174797549998 0.9998835285287325 
0.011680245502974364 0.00920322792217118 0.999889430117552 
0.011632917595878318 0.009517841669354987 0.999887036578715 
0.01168117765924818 0.009284522242954157 0.9998886676701627 
0.011668430539788494 0.009060903784132567 0.9998908679207711 
0.011509762780663381 0.009435387336379343 0.9998892432797472 
0.011663364894148018 0.009507958946524809 0.999886775908161 
0.011270003182829346 0.00984992235282136 0.9998879767543474 
0.011281199335495633 0.009941556914405526 0.9998869436029607 
0.011321940287057256 0.00994195290331451 0.9998864791768136 
0.011308822432566952 0.009677451787797721 0.999889222595225 
0.01173679425980606 0.008807628625497686 0.9998923308729287 
0.011703678479255086 0.008584039331732234 0.9998946635415179 
0.011810787270255607 0.00904184737313686 0.9998893690304631 
0.011896892447621463 0.008565359960174167 0.9998925435059721 
0.011649922622926223 0.009223274954710823 0.9998895991568217 
0.01154059818351558 0.008562379297447041 0.999896744796348 
0.011571474291524941 0.008593077430402002 0.9998961246064492 
0.01731353001361106 0.014180411773780155 0.9997495474369538 
0.01732387560572575 0.014180553490535349 0.9997493662097012 
0.016971131245520573 0.012857840907737311 0.9997733026198683 
0.016874149050068957 0.012609923658354779 0.9997781018401866 
0.0170059566430842 0.012467650601616358 0.999777652844436 
0.016816813640137766 0.012259934144409429 0.99978342094364 
0.016519952606077037 0.01111802945329234 0.9998017206361313 
0.016295705021157278 0.010613983133730782 0.9998108787965354 
0.016175880437182665 0.010193436545834132 0.9998172006639354 
0.016144958725359197 0.008244234242736612 0.9998356729530645 
0.016227725004687443 0.008285637922692218 0.9998339907931648 
0.01522136332174417 0.006144958058414258 0.9998652657178806 
0.014738665703077358 0.005980032395920732 0.9998734974714735 
0.01472963124275074 0.006060996587926141 0.9998731430955697 
0.014639133507727668 0.005453202997380341 0.9998779717281566 
0.014262205670080961 0.005491653241089003 0.9998832087969595 
0.013797229272458524 0.0050345315844877786 0.9998921391610838 
0.013975025378927081 0.00536882269953026 0.9998879309245009 
0.014322259365063136 0.005411078327530875 0.9998827896898782 
0.015066017855542431 0.005323930157369369 0.9998723272866671 
0.015293059059089873 0.00547690857679058 0.9998680542036817 
0.015169938720416228 0.006124384290845329 0.9998661734833703 
0.015751899031152046 0.006056872244224172 0.9998575858468693 
0.01569456101126156 0.006979843328915808 0.9998524703883906 
0.01602273807530004 0.0070023804938653825 0.9998471075779484 
0.016222379789318363 0.007308651504335093 0.9998416964735765 
0.016685772375195963 0.007413654311981741 0.9998332974701261 
0.01600753142999786 0.007337626323838867 0.9998449470680189 
0.01666915590995021 0.0070270941934132925 0.9998363662062141 
0.016726232108884777 0.006133624319784044 0.9998412933121654 
0.016723855785130668 0.006610818068352799 0.9998382917913003 
0.016961221887077334 0.006693625066150162 0.9998337423469819 
0.016615413830868706 0.007504712751571701 0.9998337898419644 
0.01698027957755111 0.007833164686072683 0.9998251405303173 
0.01773072083115591 0.006647757439829395 0.9998206983553745 
0.018027472908308664 0.0071483024936479095 0.9998119383124007 
0.01791145911551816 0.0064048872415332836 0.9998190621566366 
0.017908726092594543 0.006831997087242613 0.9998162837969485 
0.017537393422295926 0.00675836186608063 0.9998233665887384 
0.01749410078089705 0.006036625658959282 0.9998287431298029 
0.018067314187524476 0.006497361869450915 0.9998156612330028 
0.017812148668609654 0.007187535586482101 0.9998155163288878 
0.018382422195079767 0.007425810617054788 0.9998034526300265 
0.018270608009422932 0.007506528872088492 0.9998048994215114 
0.018219486123521245 0.007526539520210887 0.9998056818843577 
0.017323871591325497 0.007489491743974443 0.9998218796298189 
0.01734444330759583 0.006889289653919835 0.9998258388211488 
0.017799005012730566 0.007024593119731823 0.9998169084947799 
0.017216510413254556 0.006613967343508349 0.9998299091371339 
0.017578147180690624 0.006738289752598073 0.999822786394121 
0.01760774189422215 0.006667303299016994 0.9998227415357711 
0.017302339023904136 0.006228438260063508 0.9998309035137604 
0.01783137255182603 0.0065263833815748535 0.9998197079838318 
0.01780527389827812 0.006211142057538878 0.999822181158104 
0.017786071716577964 0.005703252281422559 0.9998255490665896 
0.017932218879255484 0.0058360487118297695 0.99982217221939 
0.04855640179044443 0.02014058903406769 0.9986173604131493 
0.04864783225434581 0.01809711971094912 0.9986520328298143 
0.047903083618144465 0.015060042466745025 0.9987384490950435 
0.048043427768879515 0.012909841883064883 0.9987618159655338 
0.048255137323452636 0.013462900874763394 0.9987443076293006 
0.047756898771271095 0.01144871458743103 0.9987933748048422 
0.04777746943963473 0.0107215102780931 0.9988004618697879 
0.04725671907419649 0.008887301935556882 0.9988432401366336 
0.04676964009440046 0.009639146834501408 0.9988591930866648 
0.047694259532785256 0.009174376124101269 0.9988198478356108 
0.0475633489197212 0.008700866454461033 0.9988303273141452 
0.04719178160381577 0.00912818536977204 0.9988441379819541 
0.04728478083906577 0.008321122892928424 0.9988467892598957 
0.04402948962617688 0.009206543446114778 0.9989878095357486 
0.04406523762090787 0.01003465807208793 0.9989782582573002 
0.044310664008455486 0.00895762544841815 0.9989776403911429 
0.043298083331290226 0.01004856021689977 0.9990116628034951 
0.04370449118247211 0.010199099415681466 0.9989924403225433 
0.04401611403913725 0.01040135272737875 0.9989766731842813 
0.04604940780444239 0.011494115593641087 0.9988730336472099 
0.05116524571522308 0.012024094591827244 0.9986178141712412 
0.05746609991507403 0.014002481562119582 0.9982492563837216 
0.06333747350868367 0.012841254247662198 0.9979095483253397 
0.06943157896293699 0.01328747375180823 0.997498219990396 
0.0711309006030913 0.013901596004987223 0.9973701121488989 
0.07735924006024084 0.014814385785734217 0.9968932149187762 
0.0790457559133362 0.014890339755554278 0.9967597735934438 
0.0823469912240702 0.01338152075105262 0.9965138774441288 
0.08245673976727443 0.013306425403447526 0.9965058078656314 
0.0818852586568944 0.012668105867398097 0.9965612492508555 
0.32367164227229317 0.010405580478029324 0.9461122512068385 
0.31342266728797635 0.03375498068944061 0.9490136104971024 
0.33294593126495053 0.012761613918836769 0.9428595590353324 
0.3415632884331489 0.012816921123743516 0.9397713799257994 
0.3422688436642551 0.012228446044243915 0.9395224870986734 
0.3422036065059499 0.011288165483535192 0.9395580179075359 
0.33042770927449894 0.029136863235648566 0.9433814563284538 
0.3420140587330672 0.010734152283183338 0.9396335251595144 
0.34306447352534675 0.009981401708172804 0.9392588240866927 
0.34197643179642273 0.009398525552666738 0.9396615283245465 
0.32957355824510504 0.017601370232049125 0.943965815838484 
0.3313294290754086 0.015978267502675905 0.9433798303950411 
0.3241773742931185 0.018892759361501848 0.9458076409292365 
0.3244899047469702 0.012732042754220211 0.9458034662680226 
0.31319253755658705 0.018899767645398302 0.9495015709317262 
0.3195049358325647 0.013604824097247148 0.9474869417252735 
0.32073610279760334 0.01516105788950161 0.9470472505033085 
0.32522759816250607 0.014132064378456521 0.9455301656477442 
0.3300773891369602 0.013307216919235788 0.9438600718106429 
0.3326907386868284 0.012426349772216553 0.9429541124696106 
0.32793047946971005 0.01194847348015674 0.9446262936295284 
0.3236896144071682 0.011628961467299075 0.9460918564178274 
0.32267442297042115 0.010412923878372678 0.9464527393256406 
0.3265477481286135 0.010038675546465816 0.9451273952147425 
0.3274164075688116 0.009750030907865812 0.9448298433855853 
0.3277441490581822 0.00863116459636547 0.9447270906223862 
0.32874991170266044 0.007948633267767574 0.9443835633812501 
0.328318092441916 0.0070322313974292335 0.9445410408748127 
0.32745693110497937 0.008235685815477803 0.9448302131867172 
0.3286973367388536 0.008571744848222729 0.9443964135949701 
0.3306911164625913 0.0073967386682960885 0.9437100580950687 
0.33703853688819735 0.008033187508480642 0.9414565802790466 
0.3405541547732852 0.00794499241259064 0.9401913341241862 
0.34840547935120797 0.008104233832302174 0.9373088836408445 
0.3524087737579136 0.009021357498160095 0.935802688224037 
0.3548872386451616 0.009057952264336795 0.9348652316497759 
0.3561715584175817 0.009399256635947846 0.9343733059912847 
0.36132100067011025 0.00907286336865478 0.9323973496450126 
0.36946935533700587 0.01023864966390291 0.9291865073923088 
0.3731265238086264 0.009773869651062733 0.9277289845113897 
0.371587160277785 0.010287759715527003 0.9283410711138054 
0.3688161827460868 0.009637446689450688 0.9294523887569031 
0.37123188309376376 0.011080969795944256 0.9284740713035767 
0.3735751053198131 0.011510753799712805 0.9275285134335509 
0.37516131510306683 0.011127117245823298 0.926892752648296 
0.379544382038785 0.010469026773261083 0.9251142964743424 
0.43119736526830016 0.0019495695625254604 0.9022555244298573 
0.43685678075267276 0.002231555916672763 0.8995283059851991 
0.43384234261428894 0.0017007221015967204 0.9009871970784485 
0.43318849676366517 0.0015683297671020158 0.901301984139266 
0.43290936104003436 0.0019508734374863005 0.9014353438914741 
0.43276899008231307 0.00265073643974113 0.901500956638129 
0.4314949920143566 0.0022269179029629953 0.9021125831641991 
0.43745224180498604 0.001888188064537066 0.8992396626515231 
0.44269480433860736 0.001415163242836729 0.8966712371458104 
0.4524168799603891 0.002311163416021482 0.8918035799718295 
0.4541245674597754 0.0019266212850859456 0.8909361174404682 
0.4529894756972921 0.0021120557925010095 0.8915133617214168 
0.4508516934891398 0.0025359328991496803 0.8925952719582969 
0.45347161716123713 0.0018862548959193762 0.8912687218070878 
0.4568738109560169 0.0010101358478110574 0.8895309440868793 
0.4669312250394536 0.0018418851204963585 0.884291715749027 
0.47995215446691186 0.0032611462555003656 0.877288603794481 
0.48767809622030805 0.0035122511896661258 0.8730164595003445 
0.4924792208646747 0.00454538102679581 0.8703123327448855 
0.4950985022050409 0.0028177324009708783 0.8688322815701783 
0.505799597829887 0.002935504485934354 0.8626460164218794 
0.5172052762584947 0.0023879362177726933 0.8558580489608041 
0.5247373747477472 0.0012362744621888671 0.8512632725357628 
0.5398210325182412 9.000653836450061E-4 0.8417793313768432 
0.547299137805321 0.0010385182880556375 0.8369364224583117 
0.5463716907901041 9.8359199242124E-4 0.8375422425465806 
0.544089149511075 0.0011879973900731215 0.8390265705247457 
0.5534609840015217 0.001231859940650335 0.8328741932063655 
0.5478041488873477 0.0013122367075852227 0.836605577615062 
0.5557673925754939 6.844763197392654E-4 0.8313375589025221 
0.5858218491393459 9.785749879750978E-4 0.8104392657454046 
0.5938897895246743 7.314933498677141E-4 0.8045460725252578 
0.597894164297301 6.076721618100629E-4 0.8015748243512739 
0.6092416562404271 7.334758599082898E-4 0.7929842787310377 
0.6142750207163539 8.172234649198358E-4 0.7890915859833582 
0.6181595348272915 0.0013726402733694118 0.7860514648296169 
0.6296557585609558 0.0019450972241512314 0.7768718313260019 
0.6289983050931175 0.002278878673513703 0.7774033309048635 
0.625886926402073 0.0021666117944907 0.779910803330931 
0.6174498824346948 0.0022472900686232437 0.786607012661805 
0.6159169486893172 0.002024537328244598 0.7878084878737011 
0.6145830990951037 0.0021213078746937725 0.7888492342390646 
0.6104756792370998 0.0022725686390848796 0.7920317420986247 
0.607717900582749 0.002271531946749267 0.7941497298708291 
0.6077378971439252 0.0023131604709416428 0.7941343070688455 
0.6081825144083213 0.0022439603556186497 0.7937940499965306 
0.6029329175155588 0.0024360366723155656 0.7977881690658915 
0.5964766500877801 0.0020870808518886523 0.8026277156898942 
0.5877262622981608 0.001641539342193145 0.8090581845291609 
0.5791210019019614 0.001211435013962456 0.8152406991688255 
0.572113861143833 0.001911630449495019 0.8201719792556436 
0.5596709689087133 0.00202988049302773 0.8287124266873076 
0.558815706657263 0.0021256088378089222 0.8292891460643944 
0.5582760720322683 0.0023588357175383253 0.8296518928383635 
0.5635915891164831 0.002086715259437932 0.8260509465502619 
0.5577705602597598 0.002221210195724707 0.8299922098024656 
0.5480609959859232 0.0018050813780663168 0.836436420990942 
0.5924877842558507 0.005315778251267445 0.8055618958274875 
0.5917999029652101 0.005509622488424646 0.8060660760200761 
0.5848320083530617 0.004739229779221304 0.8111405930582096 
0.579180307872593 0.0050107834443431825 0.8151840669578144 
0.5804115270865657 0.003323572077550368 0.8143165312663657 
0.574603650044111 0.0026709102000325264 0.8184274626347091 
0.5685592059927557 0.0030532206998159592 0.8226366799044675 
0.5681227882932156 0.0024192400556387684 0.8229402436990764 
0.5691775979765142 0.0018140680638617894 0.8222126070054784 
0.5544900285399252 0.002301811830855138 0.8321871844195201 
0.5603109906007708 0.0030062253648284773 0.8282768597643174 
0.5478816424041527 0.0036009714345193594 0.8365481091492921 
0.545034270052509 0.004106131965941406 0.8384037119124694 
0.5515534903886612 0.0040440493031926985 0.8341297218690378 
0.5573919307624636 0.0036643434656418424 0.8302414155580646 
0.5531135895758942 0.0036468425249649972 0.8330978679399362 
0.5570661943972015 0.003677819823576725 0.8304599500886026 
0.5559783623298487 0.0033743043232216403 0.8311899149360235 
0.5564968111578116 0.0037461134125528926 0.8308413000119139 
0.5582647832132054 0.004188290423575236 0.8296522705611312 
0.5634388774188849 0.0038348811182637803 0.8261488516603746 
0.5638706540765237 0.0037112126514555585 0.8258547768052014 
0.5724039844165703 0.0031385721814000777 0.8199657480582325 
0.5736786573624794 0.003581187296860615 0.8190726299812051 
0.5809913943202489 0.003725011314268313 0.8139011758294256 
0.588722709596706 0.003813901695819427 0.8083260637632361 
0.5850298887784189 0.00363115334644052 0.8110036029274379 
0.591882760265616 0.003344985590814766 0.806017127095791 
0.5979390578297712 0.002974339397376355 0.8015360481143656 
0.7558120032256096 0.0028722194632614297 0.6547823807460353 
0.763811207043926 0.002409015875785736 0.6454352303962119 
0.7717023181473108 0.0032567739002375374 0.6359755699630525 
0.7805379998038945 0.0031824093215662825 0.6251002344688775 
0.7849850674132194 0.0034582063619874315 0.6195050320594835 
0.7917009379858067 0.004455321629940638 0.6108926050473746 
0.7962068207339531 0.005564580495918489 0.6049989537682152 
0.802480708421011 0.005208664854672101 0.5966553296691013 
0.812242130962903 0.006611240993772223 0.5832829606472013 
0.8144378472350766 0.007176699424683431 0.5802064184206014 
0.8179182024532229 0.008962577705453336 0.5752647097611344 
0.8252519022349574 0.007665347861518506 0.5647127945245676 
0.8331334632922518 0.007105410764138802 0.5530263515245285 
0.8387955541928671 0.007407310001212582 0.5443961333668959 
0.8389006987043444 0.00863529832561504 0.5442159951124098 
0.8465500577005276 0.009903813781836268 0.5322169804504627 
0.8535931213027871 0.009790227276675596 0.5208482837779507 
0.8562782978900326 0.010478524718041159 0.5164084401733591 
0.8617223696649874 0.011438069504433813 0.5072511490228195 
0.8663022468789914 0.013344259400626361 0.49934191471722034 
0.8695978890348866 0.012347617011324223 0.4936061666351127 
0.8719972386646112 0.00991536192763539 0.48941036090293094 
0.8737216300926076 0.00850501586771234 0.4863519073812775 
0.8738219976759523 0.007500154847445575 0.48618809534466445 
0.8744644370211678 0.007307539815067655 0.48503458458866955 
0.8761073234376386 0.007503525473279999 0.4820577298668788 
0.9269736084886517 0.3750182431998104 0.009013680316916716 
0.920890704217671 0.3896997744470379 0.00971579545944423 
0.9183614019185556 0.39561529702365 0.010043516668686633 
0.9256967640179778 0.378128514617627 0.010214084379497121 
0.9215594753326118 0.38809495222155094 0.010509114369599075 
0.9216533986513913 0.38788096818057965 0.010166969933851279 
0.9173391330840285 0.39796916613985417 0.010462204098185513 
0.9162366501489118 0.4004893014622567 0.010895886295954928 
0.9181600285834871 0.39606441909999845 0.0107302299393182 
0.9184768109706497 0.3952757661936106 0.012546568026335437 
0.9207075371045278 0.39007702429951374 0.011728010596477139 
0.9206123459335377 0.3903086406137867 0.01149232687345831 
0.9243560675406662 0.3813623242292754 0.011341871944271904 
0.9262384468153727 0.37678572405569805 0.010717172615444961 
0.9275430996221169 0.37358315056936753 0.009971356681055957 
0.9347659924778231 0.3550549017895828 0.01218835600645014 
0.9361315216692353 0.3514435311966314 0.012050664599286259 
0.938840501064074 0.3441964373346369 0.010359830495801213 
0.9413762058283023 0.3371966718762849 0.010451965167702634 
0.9393658556491564 0.3427841249851374 0.009530629501872756 
0.9383592866690772 0.34554080434900536 0.009132450478531166 
0.9412398983754949 0.3376302544418332 0.00855949715992611 
0.9416938451136591 0.33634915728183595 0.009052429002791374 
0.943307162915371 0.3318009323898095 0.00892959449285447 
0.9442115733139078 0.3292231796469181 0.008752302739749031 
0.9462508566468725 0.32331488072421494 0.008763800394045607 
0.9461693122307838 0.3235670872963497 0.008244550399026482 
0.9500918533108491 0.3118511132902481 0.008622842454131127 
0.9495844681210308 0.31341527122567964 0.0077592310078268886 
0.9519843506028309 0.30606227604432823 0.007188837866555196 
0.9552308449701422 0.29578308454880264 0.006811733437530629 
0.958246670583249 0.2858703442854816 0.006439299202426055 
0.9614784353982013 0.27480444316505354 0.006460362294151012 
0.9621938963582553 0.2723049465999828 0.005737758107439659 
0.9640341790763796 0.26572198052677215 0.00547089000626012 
0.9657045051600402 0.2595874117996322 0.005402254045308718 
0.9656284307890481 0.2598694725718282 0.00543974972956635 
0.966021443212755 0.2584102812185039 0.005166992715281983 
0.9671845791153826 0.25401271634383377 0.005615145325561641 
0.9682074284103217 0.2500862475313576 0.005589666068405433 
0.9684993308975062 0.24893611199870838 0.006313334622021359 
0.9724571229113482 0.23299572534587112 0.006335303428755987 
0.9712668915533503 0.23790997209067058 0.006282559359749603 
0.972014711079614 0.23485272384347608 0.005621347535467191 
0.972259137762755 0.23383235752230833 0.005881973510965576 
0.9730578770861464 0.23049340517864972 0.0055819360219202105 
0.9747917199215852 0.2230520003955479 0.005376605979842666 
0.9772712097823468 0.21192356914973381 0.00542064289417691 
0.9776123835183912 0.21032546996407167 0.006101170042078128 
0.9779299938696328 0.20884112007032687 0.006189802736067613 
0.977922373640314 0.2088893009591129 0.005752484550825376 
0.9774453387235106 0.21112470758708793 0.005193038989676266 
0.9799870363601415 0.1989925162337145 0.005233263708406463 
0.9802851368176226 0.19752257767995898 0.005087419888259813 
0.9801216793798717 0.19833349863005192 0.005031593260907199 
0.9819353900366359 0.1891531810549261 0.004895292677859611 
0.9831768599727517 0.18258734854307668 0.005012201724711909 
0.9848552900357943 0.1733107606156388 0.0048412749705301905 
0.9866802791882964 0.1626005749056367 0.004804133768128453 
0.9897936718740118 0.1424277327070297 0.00477787338634496 
0.9895551113214324 0.1440895875230781 0.004344240446512249 
0.9904750791765472 0.13761626114176573 0.004569704539009676 
0.993645190852961 0.112474080823686 0.0043377226340260665 
0.9955177829246284 0.0944714162224931 0.004415359300079955 
0.9963225779302698 0.08551489964281378 0.005340659646616662 
0.9965668089041247 0.08261034046454604 0.0054888103430011815 
0.996781074244134 0.07998801166598443 0.0054229160451514866 
0.9970340602755262 0.0768111507510701 0.004809342033451127 
0.9968498782081304 0.0791688825673081 0.0047548238116104785 
0.9971346812230537 0.07549267888942912 0.004825239506659274 
0.9974391303015824 0.07134703176926259 0.004978192537344628 
0.9971118208395997 0.07584122235453077 0.004015685957418774 
0.9966079303774005 0.08222055462891811 0.0035232804866306947 
0.9968627298874003 0.07907180764947483 0.00351382931919293 
0.9961960308469544 0.08709067512852167 0.0029465964149044607 
0.9958061619838219 0.09144379584167958 0.0028495538450194133 
0.9955588784052095 0.09408722933440894 0.003180079359950806 
0.9957186318365413 0.09237838493912297 0.0032619334152842626 
0.9959759659132106 0.08954403810177997 0.0037068266312831875 
0.9958132943061981 0.09136809267012246 0.0027846947518900588 
0.9958182663978795 0.09132140958838991 0.002525957068417094 
0.9959378793438445 0.0900048658184378 0.0026200414292172295 
0.9961637974370631 0.08746851117578007 0.0026359492526328433 
0.9959621000079897 0.08972786315543678 0.002899296679268541 
0.9957385584640885 0.09217111125425455 0.0030347055894570673 
0.9956336092552067 0.0932898122833458 0.0032752168765604714 
0.9957596425087484 0.09193531423270546 0.0032607281063455175 
0.9961487137866512 0.08761793731136006 0.003291972433556179 
0.9958640532286774 0.0907931078781981 0.003376247734930626 
0.9956896478039627 0.0926811554908659 0.003511220998259417 
0.9958669634968033 0.09075332928328715 0.0035810947566458843 
0.9956046142168514 0.09358385837122905 0.0036760852096059332 
0.9960387682954279 0.08884056289400963 0.003758515292264399 
0.996026335267842 0.08897982755948362 0.003758954694727733 
0.9956859521550597 0.09270889141926582 0.0038139392867426033 
0.9955526511809738 0.09413454747803546 0.003688590196779116 
0.9954404717100659 0.09531789150571905 0.003573071584189468 
0.9955471168028596 0.09419305284925811 0.0036887695035436015 
0.9953757891070822 0.09599292564813856 0.003520892637409223 
0.995328499101092 0.09648625665333609 0.003403109488948703 
0.9952279176786648 0.09753067132834374 0.003026553028032389 
0.9954192197214615 0.09556982473028035 0.0026430304841312435 
0.995520304540949 0.0945267615900755 0.002003644177293908 
0.9955113740575741 0.09462855706714449 0.001593834806639056 
0.9958907521972339 0.0905491823336681 0.0015669290767708357 
0.9958143271700093 0.0913858145392048 0.001568025493327524 
0.9959279717638209 0.09014301211311955 0.0013085967965017356 
0.995571087877474 0.09400583710690909 0.0010543112882212282 
0.9952325220441152 0.09752633575006017 9.170064755260083E-4 
0.9953260413827016 0.09656703251027544 9.378579848620187E-4 
0.995487674840713 0.09488880896292505 6.349597061146169E-4 
0.9956944323868661 0.09268872417374768 0.0011822541348692308 
0.9961413508219815 0.08775854524262877 9.202822693410652E-4 
0.9937880588912271 0.11128409855874159 0.0010693049964463847 
0.9939041665940775 0.11024740604866849 1.3071523293983024E-4 
0.9940394513502699 0.10902094385539841 5.440709844066194E-5 
0.994350557048303 0.1061459829561596 0.0 
0.9948853482450689 0.10101061254783036 0.0 
0.9953590008355683 0.09623128106608113 0.0 
0.995622612127915 0.09346450780690643 0.0 
0.995945718012024 0.08995624921879344 0.0 
0.9961590024577798 0.0875627878857292 0.0 
0.9964709769087642 0.08393802581960884 0.0 
0.9965544917823361 0.0829406107311124 0.0 
0.9968328768525173 0.07952493713253686 0.0 
0.9969373078493542 0.07820488615222164 0.0 
0.997128224187548 0.07573179338023873 0.0 
0.997366594286638 0.07252500672921544 0.0 
0.997327121926109 0.07306580507038912 0.0 
0.9973755935553342 0.07240114211906203 0.0 
0.997438104314315 0.07153480315109431 0.0 
0.9975511710858386 0.06994041081715266 0.0 
0.9977665328061578 0.0667977994546121 0.0 
0.9977373038439579 0.06723297195714002 0.0 
0.9976321705040553 0.06877537622846869 0.0 
0.9973967957603969 0.07210847250422898 0.0 
0.9972839870523474 0.07365221767858317 0.0 
0.9971667710046457 0.07522254186192155 0.0 
0.9969905469901292 0.07752321724698395 0.0 
0.9968051369005374 0.07987186605745382 6.372755270541528E-5 
0.9970645662780366 0.07656528908979197 8.473126472794796E-5 
0.9965401637089705 0.08311160093966749 4.0485076730000825E-4 
0.9962633085987318 0.08636682273339855 4.38030644738909E-4 
0.9959149268289544 0.09029405668683477 6.647152118954828E-4 
0.9962813566729972 0.08615459194123765 9.190393087256807E-4 
0.996249211376939 0.08652391899546669 0.001058429257451032 
0.9965483697879643 0.08301106513808149 7.139590968230372E-4 
0.9964970014771624 0.08362838547391081 1.385281614629002E-4 
0.9965407603384121 0.0831054158785122 5.325222086281699E-5 
0.996883539529943 0.07888731592754675 0.0 
0.9968916385787271 0.07878490294352428 0.0 
0.996883539529943 0.07888731592754675 0.0 
0.9968028049664213 0.07990098879910484 0.0 
0.9967780123027556 0.08020968817357639 1.0623799758089589E-5 
0.9969825947884751 0.07762541908961972 0.0 
0.9967918297493334 0.08003779197963819 0.0 
0.9971582304393536 0.07533567194269415 0.0 
0.9971153098919392 0.07590163884332143 0.0 
0.9971308031223733 0.07569782998561218 0.0 
0.9970099357498899 0.07727346255992729 0.0 
0.9969852468414793 0.07759134990728532 0.0 
0.9972839870523474 0.07365221767858317 0.0 
0.9972024831627319 0.0747476258758878 0.0 
0.9972656206058294 0.07390048685678595 0.0 
0.9972605994762321 0.07396821433768781 0.0 
0.9973370209812973 0.07293055998791972 0.0 
0.9976475726854159 0.06855159162920935 0.0 
0.9976398786219813 0.06866347342742382 0.0 
0.9977290214106876 0.06735577061300392 0.0 
0.997893641197471 0.06487126372788535 0.0 
0.9981844520538655 0.06023121846620802 0.0 
0.9983320762118078 0.05773270829106412 0.0 
0.9984424145857057 0.055791977526036714 0.0 
0.997920739646607 0.06445265089109802 2.3059982429730953E-4 
0.037797438964669375 0.0064436810435411305 0.9992646459183478 
0.03886915134545584 0.00627387043980456 0.999224613199349 
0.0389705204165197 0.006409218323393775 0.9992198058780404 
0.03854474320470778 0.005888780211830354 0.9992395233570878 
0.03869026615989392 0.005506595476334995 0.9992360785673907 
0.038156504418045474 0.005214379444730204 0.9992581705533371 
0.038679557523940464 0.0046691090443682455 0.9992407574005795 
0.03889205876445699 0.004370471965863094 0.9992338598845906 
0.039277430038794234 0.004403022539707683 0.9992186431817925 
0.04096901385866374 0.004730761600283437 0.9991492179840455 
0.04094025589311912 0.004285643294297322 0.9991524051459617 
0.040609712178519476 0.00431536124849091 0.9991657664942654 
0.04199389958682221 0.004372645733008993 0.9991082986177151 
0.04184417167328255 0.004900389927221206 0.9991121315826057 
0.04286029268870636 0.0050606128716785825 0.9990682586830598 
0.043686488077658105 0.004763356434200659 0.9990339339556596 
0.04358736585260544 0.0049601554313064514 0.9990373058080105 
0.04361473005417197 0.004846081117130219 0.9990366714090668 
0.04376675982605766 0.004628779131745475 0.99903105314003 
0.04345875081324602 0.00447187241020331 0.9990452138591621 
0.043649700700390134 0.003912780644618699 0.9990392353538441 
0.04441580602032166 0.0042059639484111015 0.9990042772895569 
0.04438394657149394 0.0042162165776879 0.9990056500363294 
0.04467577705649282 0.0042381000909676204 0.9989925492474994 
0.04544618116710259 0.004344956997537693 0.9989573394124577 
0.04511122068045089 0.004333241968158855 0.998972572587839 
0.04476430558362985 0.004290343375798243 0.9989883632452047 
0.0444299630825492 0.004527762640799569 0.9990022411115763 
0.04486190884977854 0.004789269955602366 0.9989817175642638 
0.04521851452263237 0.005768830185319795 0.9989604629526934 
0.04544782726337032 0.00558258406904207 0.9989511147959899 
0.046139845828174215 0.0055861134100148035 0.9989193711025542 
0.046397661603631866 0.005545743735018554 0.9989076542524541 
0.04663968239348378 0.005630357389875876 0.9988959100436329 
0.04686038929294141 0.00548553793670414 0.9988863863267229 
0.04676169471623659 0.005224538713585289 0.9988924106741905 
0.04734582035768817 0.004977221588193237 0.9988661574805302 
0.04615353884079408 0.004701302812142811 0.99892329465497 
0.04725742406175725 0.00447701912164016 0.998872710694827 
0.04697350685504033 0.004423839309021222 0.9988863395299324 
0.04769618001144276 0.00459334950979764 0.9988513280526772 
0.04768629903856258 0.0048433017944777565 0.9988506191176599 
0.04703165377510359 0.004975797622228283 0.9988810064172816 
0.04717760008337702 0.004622409849996958 0.9988758218004637 
0.04862279572181106 0.005369069924856112 0.9988027817463951 
0.04846434572726779 0.005462233951691206 0.9988099775199909 
0.048375953344051495 0.005430483708722672 0.9988144357110301 
0.04939472555550843 0.0053728325504308555 0.998764884123226 
0.04969562477711998 0.005740109829874499 0.9987479141490874 
0.04950000958950267 0.005969118803440028 0.9987562859233226 
0.05041208560884366 0.005252342321532092 0.9987146912530646 
0.05040379176014523 0.005304567436581524 0.9987148338442313 
0.050476955126849805 0.005242197688838306 0.9987114680249313 
0.05123266398519056 0.005308545028940915 0.998672635797465 
0.051379347360914436 0.005403420725494344 0.9986645911962784 
0.05229383315741247 0.0055545263198287865 0.9986162938041152 
0.052059893609349844 0.0054695705713245285 0.9986289857976026 
0.052136022745796796 0.005250061031744572 0.9986261923219383 
0.052075982527076875 0.005145107073675195 0.9986298713322369 
0.04828153483115903 0.007783316390885119 0.9988034408132097 
0.0483754064075977 0.007469578881861323 0.9988012942754065 
0.06878449548480305 0.0075532643278399154 0.9976029477597262 
0.07042949888255172 0.007361155455495616 0.9974895984808627 
0.06923630557186333 0.006245133815532696 0.997580739737083 
0.06749582870590136 0.005438953494529683 0.9977047313169303 
0.0656316172351408 0.005196978364427308 0.9978303875083077 
0.06304708044203033 0.004551414776825464 0.9980001754865905 
0.059953606473139416 0.004044406168932508 0.9981929712483477 
0.05854794974647521 0.00400783999158177 0.9982765522634928 
0.058526478935994726 0.004018267103776502 0.9982777693572252 
0.05751828488360167 0.004130107712965399 0.9983359099593323 
0.058406167491212434 0.004227932568795882 0.9982839496782377 
0.05847404761479012 0.004638138423160613 0.9982781543375128 
0.057936059282799574 0.00411064656041528 0.998311832855664 
0.05721806514734834 0.006421580727814818 0.9983410521068189 
0.05912185676828315 0.0070345665130082955 0.9982259869018861 
0.0597356315541684 0.0074827180975664855 0.9981861866669449 
0.0611264652888019 0.007152985096607346 0.9981043983699824 
0.06160874300774831 0.007219610130392098 0.9980742657811443 
0.06567054235808342 0.008746905867311158 0.9978030223967772 
0.06968300776844275 0.010481685073941196 0.9975141165449007 
0.07781987909220653 0.009065978495698741 0.9969262131431743 
0.07491134773876335 0.009742743658901843 0.9971426021016045 
0.07547974003908899 0.010955357340706061 0.9970871521532955 
0.07584517216245529 0.011261275562191964 0.9970560132371501 
0.07632305177914446 0.010920100317615821 0.9970233413396956 
0.07749248674255178 0.011699404883570656 0.9969242892134917 
0.07637637480376944 0.01148267481637167 0.9970129375042711 
0.07689877000885782 0.012343232973415663 0.9969624986783048 
