52
100010000010101010101010001010001010101000101000101000101010101000100000101010101000101010101010101
100000100010101010101010000010001010101000101000101010101010001000100000101010101000101010001010101
100000100010101010101010000010001010101000101000101010101010001000100000101010101000101010001010100
100000101010101010101010000010001010101000101000101010101010001000100000101010101000101010101010100
100000101010101010101010000010001010101010101000101000101010001010100000101010101000101010101010100
100000101010101010101010000010001010101010101000101000101010001010100000101010101000101010101010100
100010101010101010101010001010001010101010101000101000101010001010100010101010101000101010101010101
100000101010101010101010001010001010101010101000001000101010001010100010101010101000101010101010100
100010101010101010101010001000001010101010101000001000101010001010100010101010101000101010101010100
101010100010101010101010001000001010101010101010101000101010001010101010100010100000101010101010100
101010100010101010101010101000001010101010101010100000101000001010101010101000100000101010101010100
101010100010101010101010001010001010100010001000101000001010001010101010100010101010101000101010000
101010101000101010101000101010100010100010001000101000101010001010101010100010101010101000001010001
101010101000101010101000101010101000101010101010101010101010001010100010100010101000101010001010101
101010101010101010101010101010101000001010101010101010101010000010100010101010101000101010001010001
101010101010101010101010101010101000001000101010101010101000000010100010101010101000101010001010001
101010101010101010101010101010101000001000101010101010101010000010100010101010101000101010001010001
101010101010101010101010101010101010001000101010001010101000000010100010101010101000101010000010000
101010101010101010101010101010101010001000101010001010101010000010100010101010101000101010000010000
101010101010101010101010101010101010001000101010001010101010000010100010101000101000101010000010000
101010101010101010101010101010100010001000101010001010001010000010100010101000101000101010000010000
101010101010101010101010001000101010001000101010001010001010000010100010101000101000101010000010000
101010101010101010101010001000101010001000101010001010001010000010100010101000101000101010000010000
101010101010101010101010001000101010001000101010001010001010000010100010101000101000101010000010000
101010101010101010101010001000101010001000101010001010001010000010100010101000101000101010000010000
101010101010101010101010101010100010001000101010001010001010000010100010101000101000101010000010000
101010101010101010101010101010100010001000101010001010001010000010100010101000101000101010000010000
101010101010101010101010101000100010001000101010001010001010000010100010101000101000101010000010000
101010101010101010101010001000100010001000101010001010001010000010100010101000101000101010000010000
101010101010101010001010001010100010000000101010001010101010000010100010100000101000101010000010000
100010101010101010001010101010100010000000101010001010101010000010001010100000101000101000000010000
100010101010101010001010101010101010100000101010001010101010000010001010100000101000101000100010000
101010101010101010001010101010101010101000100010001010101010000010101010101000101000101010100010100
101010101010101010001010101010101010101000101010001010101010100010101010101000101000101010100010100
101010101010101010001010101010101010101000101010001010101010100010101010101000101010101010000010100
101010101010101010001010101010101010101000101010001010100010100010101010101000101010101010000010101
100010101010101010001010101010101010101000101010001010100010100010101010101000101010101010100010101
100010101010101010001010101010101010101000101010001010100010100010101010101010000010101010100010101
101010101010101010001010001010101000101000101010001010100010100010101010101010100010101010100010101
101010101010001000001010001010101000101000101010001010100010100010101010101010100010101010101010101
101010101010001000001010001010101000101000101010001010100010100010101010101010000010101010101010101
101010101010001000001010001010101000101000101010001010100010100010101010101010000010101010101010101
101010101010001000001010001010101000101000101010001010100010100010101010101010000010101010100010101
101010101010001000001010001010101000101000101010001010100010100010101010101010000010101010100010101
101010101010001000001010001010101000101000101010001010100010100010101010101010000010101010100010101
101010101010001010001010001010101000101000101010101010100010100010101010101010100010101010101010101
101010101010101010001010001010101010101000101010101010100010100010101010101010101010001010101010100
100010101010101010001010101010101010101000101010101010101010100010001000101010101000001010101010100
100010101010101010001010001010101010101000101010101010101000000010001000101010101000001010101010000
100010101010101010000010001010101010101000101000100010001000100010101000101000100000001000001010000
101010001010001010101010101010101010001010101010101000101010100000101000101010101000001010001010101
101010001000001010101010101010100010101010101010100010001010101010100010101000101010101010001010101
100010100010101010101010101010001010101010101010101000101010101010100010100000101010101010101010001
101010000010101010101010101000001010001010101010101000101010101010101010100010101010101010101000100
101010100010101010101010101000001010101010101010100000101010001010101010100010101000101010100010101
101010000010101000101010101010001010100010101010100000101010001010101010100010101000101010100010001
100000101010101000101010000010101010101010101000101010101010101010001010100010101010101000000010101
100000100010101000101010000010001010101010101000101000101010100010000010101010100010001010100010101
101000101010101000101010100010001010100010101010001000101010100010100010100010100010100010100010101
001000101010001010101010100010101000001010101010000000101010101010101010100010100010101010100010101
101000101010001010101010101010101000001000101010001010101010101010101000101000100010101010100010100
101010001010000010101010101010001010001000101000001010101000101010100010101000100010101010000010101
101010001010101000100010100000101010001010101000001010001000101010100010101000101010101010001010101
101010001010100000100010100000101010000010000010001010101010001010101000101010001010100010101010101
101000001010001000101010101000001010001010101010101010101010101010101000101010101010100010100010101
101000100010100010101010101000101000001010001010101010101000100000101010101000100010001010001010101
001000100010100010001010101010001010000000101010100000001000101010101010101000100010101010101010000
101010100010100010101000100010001010001010001000101010001000101000101010001000100010101010101010000
101010000010100010101010100010000010101010101010101000001000101010101010001000100010101010101000101
100000100010101010101010001010100010001010101010101010001010101010100010001000101000101010001000101
101000100000101010101010101010100010101010101010101010001010101010100010101000101000101010101000101
100000001000101010101010101000101010101010101010101010001010100010101000101010101000101010101010101
100000001010101000101010101000101010101010101010101010101000101010101010001010100010101010101000101
101000001010100000101010101000101010000010101010101010100000101010101010001010000010100010101000001
001000001010100010101000101000101010001010001010101010101000101010101010001010000000101010101000001
101000001010100010100000101000101010001010000010101000101000101000101010001010100010101010101000001
100000001010100010100000101000101010001010001010101010100010101010001010101010001010101010101010101
100010001010100010101010101000101010001000101010101010100000101010101000101010101010101010101000101
101010001010100010100010101000101010001000101010100010100000101010101000001010100010100010101000101
101010001010100010100010101000101000001010101010100010101010101010101010001010100010100010100000100
101010001010100010100010101000101000000010101010100010101010101010101010001010100010100010100000100
101010001010101000001010101000101010001010101010100010101010101010100000001010100010100010000000100
101010101010101010001010101010101010101000101010101010100010100010100000101010000010101010001000100
101010101010101010001010101010101010101000101010100010100010100010101010101010001010101010101010101
101010101010100010101010101010101010101000101010101010101010101010101010001010001010101010101000101
101010101010101010101010101010101010101000101010101010101010101010101010101010001010101010101000101
101010101010101010001010101000101010101000101010101010101010101010001010101010101010101010101010101
101010001010101010001010001010101010101000101000101010101010101010100010101010101010101010101000101
101010001010101010001010001010101010101000100000101010101010101000100010101010100010101010101010101
101000101010101010001010001010101010101010100010101010101010101010101010101010001010101010101010101
101010101010101010001000101010101010101010001010100010101010101010101010101010001010101010101010101
101010101010101010001000101010101000101010101010100010100010101010101010101010001010101010101010101
101010101010101010001000101010101000101010001010100010100010101010101010101010101010101010101010101
101010001000001010101010101010100000101010001010101010100010101010101010101010101010101010100010101
101010001000001010101010101010100000101010001010101010100010101010101010101010101010101010100010101
101010101000001010101010101010101000101010001010101010100010101010101010101010101010101010100010101
101010101010001010101010101010101000101010001010101010100010101010101010101010001010101010101010101
101010101010001010001010101010101000101010001010101010100010101010101010101010001000001010101010101
101010101010001010001010101010101000101010001010101010100010101010101010101010001000101010101010101
100000001010001010100010101010101000101010001010101010100010101010101010101010001000101010101010101
101000001000101010101010101010101000001000001010101010100010100010101010101010001010001010101010101
101010001010101010101010100010100010001000001010101010101010100010101010101010100010001010101010100
101010001010100010001010101010101010001000101000100010101010100010101010101010100010001010100010100
001010101010000010001010101010101000001010101000101010101010101010101010101010101010101010100010101
001010101010001010100000101010101010101010101000101010101010101000001010101010101000100010101010101
001010001010101010101000101010101010101010101010101010101010101000001000001010001000100010101010101
001010101010001010101000101010101010101010101010101010101010101000101010101010101010100000001010101
001010001010101010101000101010101010101010101000101010101010100000101010101010101010000000101010101
101010001010101010101010101010101010101010101000101010101010100000101010101010101010000000100010101
001010001010101010101010001000101010101000001010101010101010000000101010101010101010000000101010101
100010001010001010100010001000101010101000001010101010101010100000101010101010101010000000101010101
101010101010101010101000101010101000101000001010001010100010101010101010101010101010101010101010101
101010001010101010101010101000101010101000001010001010101010100010101010101010101010000010101010101
101010001010101000101000101000101010101000001010101010101010100010101010101010101010000010101010101
101010001010100000101010101000101010000000101000100010101010100000100010101010101010000010101010101
100010001010100010101010001010101010000010101000100010101010100000100010101010101010000010001010101
101010001010100010101010001000101010000010101000100010101010100010100010101010101010000000001010101
101010001010100010101000101000101010001010101010101010101010001010100010001010101010000000001010101
101010101010100010101010101000101010000010101010100010101000001010101010001010101010000000001010101
101010101010100010100010101000101010101010001010100010101000101010101010101010100000101000001000101
101000101010100010101010101010101010001010101010100010001000101000101010001010100000100010101000101
101000101010101010001010100010101010001010101010101010100000101000101010001000100010100010101000101
101000101010100010001010100010101010001000101010101010001000101010101010001010100010101010101000100
101010101000100010001010101010100010001000101010101010001000101000101010101010100010001010101000101
101010001000001010101010101010101000101010101010101010001010101010101000101010000010000010101000101
101010001010101010100010101000101010101010001010101010001000001010101010001010100000101010100000101
101010100010101000101010101010001010100010001010101010101010001000101010101010101000100010101010101
101010000000101010101010101000001010000010101010100000101010001010101010001010101000101010001000101
101000101010100010101010100010101010101010101010001010101000001010101010101010101000001010001010101
001000101010101000001000100010101010100000101010001010101010000010101010101010101000001010101000101
101010101010100000101010101010101010000010101010101000101000101010101010101010100010101010101010101
001010101010100010101000001010101010001010100000101010101010001010100010101010100010101010101010101
101010100010100010101010101010101010001010101010100000001000101010101010001010101000101010101000001
100010001010101010101010101000101010101010101010100010101010001010101010101010101010101010101010101
001010101010101010101000101010101010101010100010101010101000101010001010101010100010101000101010101
001010001010001000101000101000101010101000101010100010101010100010101010101000101010001010101010101
000010101010101010101000101010101010100000100000101010101010000000101010101010101010000010001010100
000010001010101010101000101000101010100000100000100010101010000010100010101010101000000010001010101
101010101000101000001010001010100010100000101000101010101010100010100010101000101010001010001010101
001010001000101010101010101010100010101010101010101010101010101010101000001000101010100010100010100
101010001000101010001010101010100010101010100010101000101010101010101010101000101010101010101010100
101010101010101010101010101010101010101010100000101010101010101000001010001010101010100010100010101
101010101010101010101010101010100000101010101010101010101010101010101010101010101010101010100010100
101010101000001010100010101010100010101010001010001010100000001010101010101000100010101010101010100
101010001010101000101010100000101010101010101000100010000010101010101000001000101010101010101010100
101010001010101010101010100000100000101010101010000010001010101000101010001000101010100010100010101
101000001010100010101010100000101010001010101010100010101000101000101010101010001010000010100010101
101010001010101010101010101000101010101010000010100010101010101010101010101010100010101010100010101
101010001010101010100010101000101010001010101010101010100000101010101010101010100000101010101010101
100010001010001010100000101000101010101010101010101010101000101010101010101010100010001010101010101
101010001010101000101000101010101010100010101010101010101010001010101010101010100000000010101010101
001010101010100010101010101010101010101010101010101010101010000000101010101010101000000010001010101
101010101010101010101010101010101010101010101010001010001010101010101010101010100010101010101010101
101010101010101010101010101010100010100010101010001010101010101010101010101010001010101010101010101
101010101010101000101010101010001010100010001000101010101000001000101010101010100010100010101010101
101000101010000010101010101010101010000010001010101010101010101000101010101010100010101010101010101
101010101000100000100010101010101010101010001010101010101000101010101010101010101000101000101010101
101010101000100010100010001010101010001010101010101010101010101010101010101010101010101010101010101
100010101010100010101010101010101010100010101010101010101010101010101010101010101000101000101010100
001010100010101010101000000010101010101010100010101010001010101010001010101000001000100010101010100
001000101000101010101000101010101010101010100010101010001010101010101010101000101010001000101010101
101000101010101010101010101010001010101000101010101010101010100010101010101010101010001010101010101
101010101010101010101010101010101000101000101010101010100010100010101010101000001010000010101010101
101010101010001010101010101010101000001000101010001010100010100000101000101010001010001010100010101
101010101010001010001010100010101010101000101010001010100010100010101000101010001010001010001010101
101000101010101010101010000010101010101000001000001010101010100010100010101000101010101010001010101
101000100010101010100010100010101010101010101010101010101010101010101010101010101010101010101010101
101000101010101010101010101010101010101010101010101010101010101010101010101010101010101010001010101
100010101010101010001010001010101010001000101010101010101010101010101010101010101010101010101010101
100010101010100010001010101010101010101010101010101010101010101010101010101010101010101010101010000
100010101010100010001010101010101010101010101010101010101010101010101010101010101010001010101010101
100010101010101010101010101010101010101010101010101010101010101000101010101000001010100010101010100
101010101010101010101010101010101010101010001010101000101010101010100010101010101010101010001010101
101010101010101010101010100010001010101010101000101010101010101010100000101010100010101010000010101
101010101010101010100010101010101010101010101000101010101010101010101000101010101010101010001010001
101010101010101010100010101010101010101000101000001010101010100000101010100010101010101010001010001
101010101010101010100010100010101010101000101000001010101010100010101000101010101010101010101010001
101010101010101010100010100000101010101010101010001010101010101010101000100010001010101010000010001
101000101010101010101010100010101010101010101000001010001010101010100000101010001010101010000010101
100000101010001010100010100010101010101010101010001010101010101010101000101010101010101010000010101
100000101000101010101010000010100010101010101010001010001010101010101010101010101010100010101010101
101000101010101000101010100010101010101010100010001010101010101000001010100010101010101010101010101
101000101010101010000010100010101010101010001010101010100010100000001010101010101010001010101010101
001010101010101010000000000010101010101010000010001010101000101000001010101010101010000000101010101
001010101010100010001010101010101010001000100000101010101010001010000010101010101000101010000010101
001010101010100000101000101010101010101010100000101010100010001010000010001010001010101000001010101
001010101010100000100000101010101010000010001010101010101010001000001010001010101010100000100000100
101010101000100000101010101010100010001010101010100010001000101010101010001010101010101010101000101
101010101000100000101010101010100010000010101010101010001010001010101010101000100000101010101010101
101010101010100010100010101010101010001010001010101010101000001010101010101010100000101010101010101
101010101010101010101010101010101010101010101010101010101010101010101010101010001010101000101010100
101010101010101000101010001010001010100010101000101010101010001010101000101010001000101010100010101
101010101010001000101010101010101000100010101000101010100010001010101010101010001000101010101010101
001010000010101000101000101000001010100010100010101000101010101000101010100010101010100010101010001
101010100010101010101010101000001010101010101010100000101010101010101010000010100010101010101000001
000010100000101010101000001010000010101010100010101000001010101010001010100000101010100000101010000
100010100010101010000010001010001010101000001010100000101010101010101010000010101010101010101000000
001010101000101010101010101010100010101010101010101010001010101010101010101000101010101010101000100
000010101000101010101000101010100010100010101010101010001010001010101010001000101010101010101000100
100010101000001010101010001010100000101010101010001010001010001010101010101000101000101010101010100
100000101010001000100010000010101000101010001000101010100010101010100010101010101000101010100010100
100010100010001010100010001010101000101010000000101010101010001000100010001010100010101010101010100
101010101010001010101010101010101000001010000010101010100010101000001010101010001010100000101000101
101010101010101010001010101010101010101000101010101010101010101000001010101010001010100010101010101
100010101010101010001010001010101010101000101000101000101010100010001010101010101010000010101010101
100010101010100010001010001010101010101000101000101010101000100010000010100010101010000010101010101
101010100010101000101010101010001010100010001010101000101010101010101010101010101010101010101010101
001010101010101000000010101010101010100010001010101010001010001000101010101010101000101000101010101
001010101010101000100000101010101010101010000010101010101010101000001010101010101010101000101000101
101010101010101010100000101010101010101010001010101010101010101000101010001010101010101000101000101
101010101010101010001010101010101010101000100010101010101010100010001010101010101010001000101010101
001010101010101010001010101010100010101000101010100010101010100010101010001000101010101010101000100
101010101010101010001010100010101000101000101000101010100010100010100010101010101010001010001010101
101010101000101010001010101010100010101000101010101010001010100000101010101000101010001010101000100
101010100010101010101010101010001010100010001010101000101010001010101010100010101000100010101010100
101010101010101010001010101010101010101000101010101010101010100010101010101010101010001000101010101
001010100010101010101000101010101010101010100010101010101010101010001010101010101010001000100010101
101010100010001010001010101010001000101000101010101010101010100010101010101010101010001010101010101
101010101010001010000010101010101010101000001010101010101010101010101010101010101010101010101010101
001010001010001010101000101010101010101010100010100010101000101010001010101010101010101000101010101
001010100010101010101000101000001010101010100010101000101010101010001010100010101010101000101010001
101010100010101010101010101010001010101010101010101000101010101010101010100010101010101010101010001
101010100010101010101010101010001010101010101010101000101010101010101010100010101010101010101010001
001010101010101010101000101010101010101010100010101010101010101010001010101010101010101000101010101
101010100010101000101010101010101010101010101010101010101010001010101010001010101010101010101000101
101000101010101010101010100010101010101010101010001010101010101010101010100010101010101010101010001
101010101010101010101010101010101010101010001010101010101010101000101010100010101010100010101010101
101010101010101010100010101010101010101010101010101010101010101010101010100010101010101000101010101
101010100010101010101010101010001010101010101010101000101010101010101010100010101010101010101010001
101000100010101010101010100010001010101010101010101000101010101010100010100010100010101000001010001
101010100010101010001010101010001000101000101010101000100010101010101010100010001010001000101010001
101010100010101010101010101010001010101000101010101000101010101010101010100010001010101000101010001
001010101010101010101000101010001010101010100010101000101010101010001010100010101010101000101010001
001010100010101010101000101010101010101010100010101010101010101010001010101010101000101000101010001
001010100010101010101000101010001010101010100010101010101010101010001010101010101010101000101010101
001010100010101010101000101010001010101010100010101000101010101010001010101010101010101000101010101
001010100010101010101000101010001010101010100010101000101010101010001010100010101010101000101010001
001010101010101010001000101010101010101000100010101010101010100010001010101010101010001000101010101
101010101010101010001000101010101000101000100010101010100010100010001010101010001010001000101010101
101010101010101010001010101010101010101000101010101010100010100010101010101010001000001000101010101
101010101010101010000010101010101010101000001010101010101010100010101010101010101010000010101010101
101000101010101010100010100000101010101010001010101010100010001000101010101010001010101010101010101
101000101010101010100010100010101010101010001010000010101010001000101000001010101000100010101010101
100010101010100010101010000010101010001010001010001010101010101000101000101010101010100010100010101
101010101000100010100010101010101010001010001010101010101000101000101010101010100010100010100010101
101010101000100010101010101010100010001010101010101010001000101010101010101000100010101010101010100
101010101000101010101010101010100010101010101010101010001010101010101010101000101010101010001010100
101010101010101000100010101010101010101010001010101010101010100000101010101010101010000010101010101
101010101010000010101010101010101000001010001010101010101010101000101010101010101010100010101010101
101010101010101010101010101010100010100010101010101010101010001000101010101010101000100010101010101
101010001010101010001010001000101010100010101010101010101010001010100010101010101000101010001010101
101010101010101010101010001010101010101010101000101010101010101000100010101010001010100010001010101
101010101010100010100010101010101010101010001000101010101010101000100010101010101010100010001010101
100010101010101010100010001010001010101010001000101000101010101000100010100010101010100010001010001
101010101010101010101010001010101010101010101000101010101010101000100010101010101010100010001010101
101010101010001010101010101010101010101010100010101000101010101010101010100010001010101010101000001
100010101010101010101010001010101010101010101010101000101010101010101010100010001010101000101010001
101010101010001010101010101010101000101010101010101000100010101010101010100010001010101010101010001
101010101010001010101010101010101000101010101010001010100010101010101000101010001010101010100010101
101010100010001010101010101010000000101010101010101010100010101010101010101010101010101010101010101
101010100010001010101010001010001000101010101000101000100010101010100010101010001010100010001010101
101010100010101010001010101010001000101000101010101000100010100010101010100010001010000010101010001
101010100010101010101010101010001010101010001010101000101010101010101010100010101010100010101010001
101010101000101000101010101010100010100010001010101010001010001010101010101000101000100010101010101
101010101010101010001010101010100010101000001010101010001010100010101010101000101010101010101000100
101010101010100010001010101010101010101000101010101010101010100010001010000010101010001010101000001
101010101010100010101010101010101010001010100010101010101010101010101010101010100010101000101010101
101000101000101010101010100010100010101010101000101010101010101010100010101010101010101010100010101
100010101000001010101010001010101000101010101000101010100010101010100010000010001010001010101000001
101010001010101010001010101000101010101000101010100000101010101010101010000010101010101010101000101
101010001010101010001010101000101010101000101010100000101010100010101010000010101010001010101010101
101000101010101010001010100010101010101000101010001000101010100010101000100010101010001010100010101
101010001010101010100010101000101010101010001010101000101010101000101000100010101010100010100010101
101010001010101010101010101000101010001010101010100010101010101010101010100010101000100010101010101
101010001000101010101010101000100010101000101010100010101010000010101010001010101000101010101010101
101010001000101010101010101000101010101010101010100010101010001010101010001010001000101010101010101
101010001010101010101010101000101010101010101010100010101010001010101010001010001000101010101010101
101010001010101010101010101000101010101010101010100010101010001010101010001010001000101000101010101
101010001010101010101010101000101010101010101010100010101010001010101010001010001000101000101010101
101010001010101010101010101000101010101010101010100010101010001010001010001010101000101000101010101
001010001010101010001000101000101010101000100010100010101010001010001010101010101000101000101010101
001010000000101010101000101000001010101010100010101010101010001010001010101010101010101000101010101
001000101010101010101000100010101010101010100010001010101010101010001010101010001010101000101010101
001000101010101010101000100010101010101010000010101010101010101000001010101010101010101000101010101
001000101010101010100000100010101010101010000010101010100010101010001010101010101010100010101010101
001000101010101010100000101010101010101010100010101010101010101010001010101010101010101010101010101
001000101010101010100000101010101010101010100010101010101010001010101010101000101000101010101010000
001010101010001010101000101010101010101010100010101010101010101010101010101010101010100000101010101
001010101010101010101000101010101010101010101010101000101010101010001010100010101010100000101010001
001010101010101010101000101010001010101010100010101000101010101010001010100010101000101000101010001
001010100010101010101010101000101010101010101010100010001010101010101010001000101010101010101000100
001010001010101010101010101010101010101010101010101010101010101010101000101000101010101010100010100
001010101010101010101000101010101010101010101010001010001010101010100000101000101010101010100010100
101010101000101010101010101010100000101010101010101010000010101010101010101000001010101010101010100
101010101000001010101010101010100000101010101010101010000010100010101000101000001010001010100010101
101000100010001010101010101010101000001010101010101010101000101010101010101010100010101010101010101
000010101010001010101000001010101000101010100000100010101010101010101010101010101010101010101010101
001010100010101010101000001010001010101010101010101000101010001010101010100010001000101010101010001
100010101010001010101010001010001000101010101000101000001010001010100010100000101000101010101010000
100010100010001010101010001010001000101010101010001000100010101010001010100010101010101010101000001
100010101010001010101010001000101000101010100010100010101010100010101010001010101010101010100000101
001010001010101010100000101010101010101010001010101010101010101000001010101010101010100000101010101
101010001010101010101000101000101010101010100010100010101010101010001010001010101010101010101000101
001010101010101000000010101010101010100000001010101010101010000000101010101010101000101010101010101
001010100000101010101010101010100010101010101010101010001010101010101010101010101010101010001010101
001010101010101010001010101010101010101000101010101010101000100010100000101010100010001010000010101
101010001010101010100010101010101010101010001000001010100000101000100000101010100010101010000010101
101010101010001010101010000010101000001010101000001010100000101010100000101010001010101010000010101
101010101000000010101010100000100000001010101010000010100000101010100000001010000010101010000010001
101000100010000000101010100010000000000010101000001000000000001010100000100010000000101010000000001
100000101010000000101010000010101000000010101000001010100000001010100000101010001000101010000010101
100010101010000000101010001010100000000010101000101010000000001010100010101010000000101010001010101
100010100010001000101010001010001000100010100000101000100000001010100010101010001000101010001010101
100000100010000000101010000010101000000010101000001000100000001010100000101010000000101010000010101
100000101010000000101010000010101000001010101000001010100000001010100000101010000000101010000010101
100000101010000000101010000010101000000010101000001010100000001010100000101010000000101010000010101
100000101010000000101010000010101000000010101000001010100000001010100000101010000000101010000010101
100000101010001000101010000010001000000010101000001000000000001010100000100010000000101010000010101
101010101010100010101010000010101010000010101000001010101010001010100000101010100000101010000010101
101010101010101010000010101010101010101000100010101010101010100010101010101010001010101010000010101
101000100010101010101010100010001010101010101010101000101010100010101010100010101010001010101010001
100010101010101010101010101010101010101010101010101000101010101010101000100010101000101010100010001
100010101010101010101010001010100010101010101010101010001010001010101010101000101010101010001010100
101010101010101000101010101010101010100010101010001010101010001010100000101010101000101010100010101
101010101010101010101010101010101010101010101010101010101010101010101010101010101000101010101010101
100000101010101010100010000010101010101010001000001010101010101010101000101010101010101010101010101
100010101010101010101010001010101010101010101000001010101010101010100000101010101010101010000010101
101010101010100010101010101010101010001010101010101010101000101010101010101010001010100010100010101
101010100000101010101010101010000010101010101010101000001010101010101010100000101010101010101010000
101000101010101010101010100010101010101010101010001010001010101010101010101000101010101010101010100
101000101010101010101010100010101010101010101010001010101010101010101010101010101010101010101010100
101010101000101010101010101010101010101010101010101010101010101010101000101010101010101010100010101
101010101010001010100010101010101000101010001010101010100010101000101010101010001010100010101010001
101010001010101010101010001000101010001010101000101010101000101010101010101010101010101010101010101
101000100010101010101010101010001010101010101010101000101010101010101010100010101010101010101010001
101010100010100010101010101010001010001010101010101000101000101010101010100010100010101010101010001
101010101010100010101000101010101010101010000010101010101010101000001010101010101010100000101010101
101010101010101010000010100010101010101000101010001010101010100010101000101010101010001010100010101
101010101010101010101010101010100010101010100010100010001010101010101010001010101010100010101010101
101010001010001010101010101010101000101010101010101010101010001000101010101010101010100010101000101
101010101010101010101010101010101010100010101010101000101010001010101010100010101010101010100010101
101000100010101010101010100010001010101010100010001000101010101010001000100010101010101010100010001
101010101000101010100010101010100010101010100010101010001010101000101010101000101010100010101010101
101010101010101010001010101010101010101000101010001010101010100010101000101010101010001000100010101
101010101000000010001010101010100000101000101010101010000000100010101010101000000010001010101010100
101010100010101010101010100010001010101010001010101000101000101000101010100010100010100010101010101
101010101000101010100010101010100010101010001010101010001010101000101010101010101010100010101010101
001010001000100010100000101000100010101010000010100010001000101000001010101000100010100000101010100
100010001000101010100010000000100010101010001000101010001010101000100010101010101010100010001010101
101010001000101010100010101000100010101010001010100010001010101000100010100000101000100010001010001
001010000000101010100000101000000010101010000010100000001010101000101010000000101000100010101010001
000010100010101000101000101010001010101010100010101000101010101010000010100010101010101000001010001
100010100010101000100010101010100010100010101010101010101010001010100010101010101000100010001010101
101010100000101000101010101010000010100010101010101000000010101010100010100000001010101010001010100
101010100010000000100010101010001000100010001010101000100010101000101010100010001010101010100010101
101010100010101010100010001010001000101010101010101000100010101010101010100010001010101010101010001
101010100010101000100010101010001010100010001010101000100010000000101010100010001000001010101010001
101010101010101010000010101010101010101000001010101010100010100000101010101010001000001010101010101
001010101010101010000000101010101010101000001010101000101010100000101010100010101010001010101010101
001010100010101010000000101010001010101000001010101000101010100010101010000010101010001010101010101
101010100010101010000010101010001010101000001010101000101010100010101010101010101010000010101000101
101010101010101010000010101010101010101000001010100010101010100000101010001010101010000010101000101
001010101010101010000010101010101010101000001010101010101010100000101010001010101010000010101010101
001010101010001010001010101010101010101000101010101010101010100010001010101010101010001000101010001
000010101010101010001010101010101010101000101010101010101010100010001010101010101010101000101010101
001010101010101010001010101010101010101000101010101010101010100010001010101010101010101000101010101
101010101010101010001010101010101010101000100010101010101010100010001010101010101010101000101000101
101010101010101010000000101010101010101000000010101010101010100000001010101010101010100010101000101
101010101010101010001010101010101010101000100010101010101010100000001010001010101010100010101000101
101010101010101010000010101010101010101000000010101010101010100000101010001010101010100010101000101
101010001010101010101000101000101010101000001010100010101010101000101010001010101010100010101000101
001010101010101010101000101000101010101000101010100010001010101000101010001010101010100010101000101
101010101010101010001010101000101010101000101010100010101010101000101010001010101010100000101000101
101000100010101010000010101010101010101010000010101010101010101000001010101010101010100000101010101
101000100010101010001010101010101010101010000010101010101010101000001010101010101010100010101010101
101010000010101010101010001000001010101010101000101000101010101000101010000010101000100010101010100
101010000000101010101010001010000010101010101010101000101010101000101010100010101000000010101000000
101010100000101010101010001010000010101010101010101000001010101000101010100000101010000010101000000
101010001010101010101010001010001010101010101010101000101010101000101010100000101010100010101000000
101010101010101010001010101010101010101000101010101000101010100000101010100000101010100010101000000
101010101000101010000010101010100010101000101010101010001010100010101010100000101010001010101010100
001010101000101010000000101010100010001000100010101010001010100010001010101000101010001010101010100
000000101010101010100000000010101010101010000000101010101010101000001010101010101010100010101010101
000000101010101010001000001010101010100010100000101010101010001010100010101010101010101010101010101
000000101010101010101000001010100010101010100000101010001010100010000010101000101010101000001010100
001010101010101010101000101010100000101010100010101010001010101010000010101000101000001000001010100
101010100000101010101010101010100010101010100010100010001010101010000010101000101000101000001010101
100000100000101010101010100010000010101010101010101010001010101010101010101010101000101010101010101
101000000010001000101010100010001010100010101010101000101010000010101010100010101000001010101010101
101000101000001000101010100010100010100010101010001010001010000010101000101000100010001010100010100
101010101010101010101010101010101010100010101010101010101010101010101000101010101010101010100000101
101010101000101000101010101010100010101000101010101010001010100010101010101000101010001010101010001
101010001010101010100010101000000010101010001010100010001010101010101010001010101010101010101000101
101010001000001010100010101000100000101010101010101010000010101010101010101010101010101010101010101
101010001000101010101010101010100000101000101010101010000010101000101010001010001010100010101010100
101010101000101000000010101010100000101010001010101010000010101000101000101000001010100010101000101
001010101010100010001010101010101010101000101010001010101010100010100000001010101010001010100000101
101000101010100010100010100010101010101010001010001010101010101000101010001010101010100010101000101
101000101010101010100010100010101010101010001010101000101000101000101010101010100000101010101010101
101010001000101010101010101000100010101010001010100010001010101010101010001000101010001010101000000
001010100000101000000000101010100010100000000010001010001010001010101010101000101000101010101010100
001010101010101010100000101010101010101010000010101000101010101010101010100010101010100010101010001
101000100000101010100000101010000010101010000010101000001010101000101010100000101000101010101010000
101010001010000010101010101010101010001010101000101010101000101010100010101010100000101010101010101
101010100000101010101000101010000010101010101010100000001010101010100010100010100010101010101010001
100010100010101000100010001010001010100010101010100010101010001010101010001010101000101010101010101
101010101010101000100010101010001010000000001010101010101010000000101010001010101000000010101010101
101000000010100010000010100010001010101010000010001010101010101000001000101010101010100010100010001
101010100010101010101010101010001010101000101010101000101010100010101010001010101010001010101000001
101000100010101010000010100010001010101000001010001000101010100000101000101010101010000010101010101
100000101010001010000010000010101000101000001000001010100010100000100000101010101010001010100000101
100000101010101000101010000010101010100010101000001010101000101010100000101010101010101010100010101
101000101010001000001010100010101010100000001000001010101010100000100000101010101010000010000010101
101000100010001010001010100010101010101010101010001010101010001010101000101010101010101010000010101
101000100010101010001010100010001010000010101010001000101000101010101000100010101010001010100010001
100000100010101010101010100000001010101000101010100000101010101010001010000010101010101010101000001
101010100010100010001010101010001010001000101010101000101000100010101010100010100010001010101000000
101010101010100010001010101010101000001010101010101010101000001010101010101010100000001010101000101
101010100000101010001010101000000010101000101010100000001010001010101010000000101000001010101000100
101010000000100010001010101000000010001000101010100000001010100010101010000000101010101010101000101
101010000010000010101010101000001000001010101010100000101000101010101010001010100000101010101000101
101010001010000010101010001010101000001010101000101010101000101010101010101010100010101010101010101
101000101010000010001010101010101010001000101010101010001000101010101010101010100010101010101010100
101010101010000010101010001010001000001010101010101010100000101010101010101000000010001010101010100
101010001010000010101010101000101000001010101010100010000000101010101010001000000010101010101000100
101010001010100010001010001000101010001010101010100010001000101010101010001010100010101010101000101
100000001010100010101010000010101010001010101010101010101000101010101010001010100010101010101000101
101000101010100000101010101010101010001010101010100010101000001010101010001010100010101010101010101
101010101010100000001010101010101010000000101000100010101000001010100010001010100010101010001010101
100010101010101000001010001010101010100000101000100010100010000010100010001010101010101010001010100
100010101000101000001010001000101010100000101000100010001010000010100010101000101010101010001010100
100010101010101010001010001000101010101000101000100010001010100010100010101000101010101010101010100
101000001010101010001010101000100000101000101010101010000010101010101010001000101000101010101000100
101000001010101010001010101000101010101010001010101010101010001010101010001010101010101010101000100
100010001010101000100010001010101010100010101000101010101010001010100010101010101000101010001010100
100010001010001000100010001010101000100010100000100010100010001010101010001010101000101010001010101
101010101010001000101010101000101000100010101000100010100010001010000010101010001000101010001010101
101010101010101000101010101000101010100010101010101010101010000010000010101010101000001010001010101
100010101010101000101010001010101010100010101000101010101010000010100010101010001000101010001010101
100010101010101000101010001010101000100000101000101010101010001010100010101010101000101010001010101
100010001010101000101000000000101010100010100000100010101010001010100010101010101000101010001010101
100000001010101010101010000000101010101010100000100010101010101010100010001010100000100010001000101
000000001010101010101000101000101010101000100000101010101010101010100010101010101000100010001010001
000010001010101010101000101010101010100010100000101000101010001000100010100010101000100010001000001
001010101010101010101000001010101010101010101000101000101010100000100010000010101010100010001010001
101010101010101010101000101010001010101010001010101000101010101000100010000010101010100010001010001
101010101010101010101010101010001010101010001010101000101010101000101010101010101010100010001010001
101010101000101000100010101010000010101010001010101000001010101000101010100010101010100010101010001
000010100000101000100010001010000010101010001000101010101010101000101010100010101010101010101010001
100010100000000000100010001010101010101010001010101000101010101000101010100010101010101000101010101
100000100000001010100010101010001010100010001010101000101010001000101010100010101000101000101010101
101010100010001000100010101010001010100010001010101000001010001010101010100010101010101000100010101
101010100010101000100010101010001010100010001010101000101010001010001010101010101010101000100010101
101010100010101000100010101010001010100010101010101000101010101010001010101010101010101000100010101
101010100010101000100010101010001010100010100010101010101010101010001010101010101010101000100010101
001010101010101010101000101010101010101010100010101010101010101010001010101010101010101000101010101
001010101010101000101000101010001010101010100010101010101010101010001000101010101010101010101010101
101000100000101000101010100000001000101010101010001000100010101010101000100010001010101010101010001
101000100000101000101010100010001000101010101010001000100010101010101000100010001000101010100010001
101000100010101000101010100010001000101010101010001000100010101010101000100010101010101010100010001
101000100010101000101010100010001000101010101010001000100010101010101000100010101010101010100010001
101010100010101010101010100010001010101010101010001000101010101010101000000010101010101000100010101
101010100010101010101010100010001010101010101010001000101010101010001000001010101010101010100010101
101010100010101010101010100010001010101010101010001010101010101010101000001010101010101010100010101
101000001010101010101010100010101010101010100010000010101010101010101000101010101010100010100010101
101000001010101010101010100010101010101010101010000010101010101010101000101010101010100010100010101
101000101010101010101010100000101010101010101010000010101010101010101000101010101000101010100010101
101000101010101010101010100000101010101010101010001010101010101010101000100000101000101010100010001
001000101000101010101000100000101010101010101010001010001010001010101000100010101010101010100010001
001000101000001010101000100000101010101010101010001010001010101010101000101010101010101010100010101
001000101010101010101010100000101010101010101010001010001010101000101000101010101000100010100010101
001000101010101010101010100000101010101010101010001010001010001000101000101010101000100010100010101
001000101010101010101010100000101010101010101010001010101010001000101000101010101000100010100010101
001000101010101010101010100010101010101010101010001010101010001000101000101010101000100010100010101
101000101010101010101010100010101010101010001010001010101010001000101000101010101000100010101010101
101000101010101010101010100010101010101010101010001010101010001000101000101010000000100010101010101
001000101010101010101010100010101010101010101010001010100010101010101000001010001010101010000000101
001010101010101010101010100010101000101010101010001010100010101010101000001010001010100010000000101
001010101010101010101010100010101000101010101010001010100010101010101000101010001010101010100000101
101010101000001010101010101010100000101010101010101010100010101010101010101010001010101010101010101
101010101010001010101010101010101000101010101010101010101010101010101010001010001010101010101010101
001000101010101010101000101010101010101010100010001010101010101010101000101010101010101010000010101
001000101010101010101000100010101010101010100010101010101010101010101000101010101010101010000010101
101000101010101010101010100010101010101010101010101010101010101010101000101010101010101010100010101
101000100010101010101010100010101000101010101010101010101010101010101010101010101010001010101010101
101000100010101010101010100010001010101010101010101000101010101010101010100010101010101010100010101
101000100010101010101010100010001010101010101010101000101010101010101010101010101010101010101010001
101000100010101010100010100010001000101010001010001000100010101000101010101010100010100010101010101
101000100010101010100010100010001010101010001010001010101010101000101010101010100010100010101010101
101000100010101010100010100010001010101010001010001010101010101000101010101010101010100010101010101
101000100010101010101010100010001010101010101010001010101010101010101010101010101010101000101010101
100000100010101010101010100010101010101010100010001010101010101010001010101010101010101000101010101
100000100010101010101000100010101010101010100010101010101010101010001010101010101010101000100010101
100000100010101010101000100010101010101010100010101010101010101010001010101010100010101000100010101
101010100010101010100000100010101010101010000010101010101010101000001010101010101010100010101010101
100010101010101010100010001010101010101010001000101010101010101010101010101010101000101010001010101
100010100010101010101010001010001010101010101010101010101010101010101010101010101000101010101010001
001010100010101010101000001010001010101010101010101000101010101010101010101010101000101010001010101
101010101010101010101010101010101010101010101010101010101010101010101010101010101000100000100000101
101010101010101010101000101010101010100010101010101010101000001010101010001010101000101010101000101
101010101000101000101000101010101010100010101010101010101000001010101010001010100010101010101000101
101010101010101000101000101010101010101010101010101010101010101010101000001010100010101010100000101
101010101010101010101010101010101010100010101010100010101010001010101010001010101000100010101000101
101010101010101000101010101010101010101010101010100010101010101010101000001010101000001010100000101
101010001010101010101010101000101010101000101010100010101010100010101010001010101010001010101010101
101010001010101010001010101000101010101000101010100010101010100010101010101010101010001010101010101
101010001010101010101010101000101010101000101010100010101010100010101010001010101010001010101000101
101010101010101010101010101000101010101000101010100010101010100010101000001010101010000010101000101
100010101010101010101010001000101010101010101010101000101010100010101010101010001010001010101010001
000010001010101000101010001000101010101010101010101010101010101010101010101010101010001000100010101
101010101010101010101010101010101010101010101010101010101010100010101010101010101000001010101010101
101010101010101010101010101010101000101000101010101010100010100010101010101010101000001010101010101
101010101000101010001010101010100010101000101010101010101010000010101010101010101000101010001010101
101010001000101010101010101000101010101010101010100010100010101010101010101010101010101010101010001
001010101010001010101000101010101000101010100010101000101010101010001010100010101010101000101010001
001010101010001010101000101010001000101010100010101010101010101010001010101010101010101000101010101
001010001000001010101000101000100000101010100010101010100010101010001010101010001010101000101010100
101010001010000010101010101000101000001010101010100010100010101010101010101010001010101010001010101
100010101010001010101010001010101000101010101000101010100010101010100010101010001010101010001010101
100000101010101010101010000010101010101010101000001010101010101010100000101010101010100010000010101
100010101010100010101010001010101010001010101000101010101000101010100010101010100010101010001010101
101010101010100000100010101010101010000010001010101010101000001000101010101010100000100010101010101
101000101010101010101010100010101010101010101000001010101000001010101000101010100000101010100010101
001000101010100010101010100010101010001010101010001010101000101010101000101010100000101010101010101
101000000010101000101010100000101010100010101010100010101010001010101010001010101000101010101000101
101000001010101010101010100000101010101010101010000010101010101010101000001010101010101010100000101
101010001010101000101010101010101010100010101010001010101010001010101000101010101000101010100010101
101010100010100000101010101010001010100010101010001000101010001010101010100010101000001010101010001
101000100010101000101010100010001010100010101000101000101000001010100010100010100010101010001010001
101010000000101000101010101000001010000010101010100000101000001010101010001010101000100010101000101
101010001000101010101010101000101010101010101010100010101010101010101010001010101010101010101000101
101010001010101010001010101000101010101000101010100010101010100010101010001010101000001010101000101
101010001010101000000010101000101010100000001010100010101010000010100010001010101000001010001000101
101010001010101000001010101000101010100000101010100010101010000010101010001010101000001010101000101
101010101010100000001010101010101010000000101010101010101000000010101010101010100000001010001010101
101010100010001000001010101010001000100000101010101000101010000010101010100010101000001010101010001
101010100010001010000010101010001010101000001010101000101010000010101010100010101000001010101010001
101000100000101010101000100010000010101010101010101000101010101010101010100010101010101010101010001
101010100000101010001010101010000010101000101010101000001010100010101010100000101010001010101010001
101010100000101010100010101010000010001010001010101000001000101000101010100000100010100010101010000
101010100010101000000010101010001010100010001010101000101010001000101010100010101000100010101010001
101010100000101010100010101010001010101010001010101000101010101000101000100000101010100010100010100
101010101000100000100010101010101010000010000010101010101010001000101010101000101000100010101010100
101010100000101000100010101000001010101010001010101000101010001000101010100000101000100010101010000
100010100010100000100010001000100010101010001000101010001000101000100010101000101000100010101010100
101010100000101000100010101010000010100010001010101000001000001000101010101000101000100010101010100
101010100000101000000010100010000010100000001010101000001010101000101010100000101000100010101010000
101010100000100010001010101010000010001000101010101000001000100010101010100000101010101010101010000
101010100000101010000010101010000010101000001010101000001010100000101010100000101010100010101010000
101010101000101010100010101010100010101010001010101010001010100000101010101000101010000010101010100
101010101000101010101010101010100010101010101010101010001010100010101010101000101010001010101010100
101010101000101010101010101010100010101000101010101010001010100010101010101000101010001010101010100
101010101000101000101010101010100010100010101010101010001010000010101010101010101000001010101010101
101010101000101000101010101010100010100010101010101010001010000010101000101000101000001010101010100
101010100010101000001010101010100010100000101010101010001010000010101010101000101000001010101010100
100010100010101000000010101010101010100000001010101010101010000000101000101010101000000010101010101
100010100010101000000010001010001010100000001010101010101010000000101010101010101010000010101010101
101010100010101000000010101010001010100000001010101010101010100000101010101010101000000010100010101
101010100010101000001010101010001010100000101010101000101010000010101010101010101000101010101010101
101010100010101000001010101010001010100000101010101000101010000010101010101010101000101010101010101
101010100010101000101010101010001010100010101010101000101010001010101010100010101000101010101010101
101010101010101000101010101010101010100010101010101010101010001010101010101010100000101010101010101
101010101010101000001010101010101010100000100010101010101010001010101010101010101000101010100010101
101000101010101000001010100010101010100000101010101010101010001010101010101010101000101010101010101
101010001010101000001010101010101010100000101010101010101010000010101010101010101010101010101010101
101010001010101000001010101000101010100000101010101010101010100010101010101010101010001010101010101
101010101010101000000010101010101010100000001010101010101010000000101010101010101010000010101010101
101010101010101010100010101010101010100010001010101010101010001000101010101010101000100010101010101
101010101000101010100010101010100010101010001010101010001010001000101010101000101000100010101010101
101010101000101010000010101010100010101000001010101010001010100000101010101000101010000010101010100
101000000010100010000010100010101010001000001010001010101000100000101010101010100010000010101010101
101000001010100010100010100000101010001010001010101010101000101000101010101010100010100010101010101
101000000010101010101010100000001010101010101010000000101010101010101000101000101010101010100000100
101000000010101000001010100010001010100000101010000010101010001010101000001010101000101010100000101
100010100010000010101010001000001010101010101010100000101010101010101010000010101010101010101000101
100000100010100000001010000010001000000000101000001000100000000010100000100010000000001010100000001
100000100000101000000010000010000010100000001000001000001010000000100000100000101000000010000010000
101000100000101010001010100010000010101000101010001000001010100010100000100000101010001010100010000
100000000000101010001010000000000010101000101000000000001010100010100000000000101010001010000000000
000010000000101010001000001000000010101000100000100000000010100010000010000000001010001000001000000
101010000000101010100010101000000010101010001010100000001010101010101010000000101010101010101000000
101010001010101010100010101010101010101010101010101010101010101010101010001010101010101010101010101
001010101000101010000000101010000010101000000010101010001010100000001010101000001010000000001010000
101000000000101000000010101000000010101000001010101000001010100000101010101010101010001010101000100
101000001010101010101010100000101010101010101010000010101010001010101000100010101000101010101010001
100010101010100010101010101010101010001010101010101010001000101010101000101010101010001010100010101
101010101010100010101010101010101010001010101000101010101000101010100010101010100010101010101010100
101000101010101010100010100010101010101010001010001010101000101000101000101010100010100010000010101
101000100010001010001010100010001000101000101010001000100010100000101000100010001010000010000010001
101000100010001010001010100010001000101000101010001000100010100010101000100010001010001010000010001
101000100010001010101010100010001000101010101010001000100010101010101000100010001010101010100010001
001010100010001010101000101010001000101010100000101000100010101010000010100010001010101000001010101
101010101010100010101010101010101010001010100010101010101000101010001010101010001010101000101010101
101010101010101010101000101010101010101010100010101010101010101010001010101010001010101000101010101
101010101010101010100010101010101010101010000010101010101010101000001010101010101010100000101010101
101010101010101010101010101010101010101010001010101010101010101000101010101010101010100010101010101
101010101010101010101010101010101010101010101010101010101010101010101010101010101010101010101010101
101010001010001000001010101000101000100010101010101010101010101010101010101010101010101010101010101
101010000010101000001010101000001010100000101010100010101010000010101010001010101000101010101010101
101010000000101000100010101000001010100010001010100000101010001000101010000010101000101010101000001
0.9876950634461469 0.05705466633321636 0.14561327787573905 
0.9881210270145522 0.05506274135019195 0.1434744942026579 
0.9882471833744503 0.053185981073497826 0.1433134884430463 
0.9882736615391516 0.05252959820272519 0.14337297939520768 
0.9883313385717799 0.05264622853019159 0.14293194121140526 
0.9884124776494928 0.05229998243331102 0.14249731879676283 
0.988477956285774 0.05209024153260373 0.14211944509522476 
0.988777543025474 0.05133799886006871 0.14029747068835743 
0.9887425724329286 0.051443264531907014 0.14050521696013724 
0.9888224290352895 0.04852752540462589 0.14097972590004967 
0.9886499996410566 0.049947106534223615 0.14169144207960405 
0.9880463100381992 0.04994532641571183 0.1458422215585282 
0.9879170392097312 0.051420756198790066 0.14620475187565918 
0.9883567026460522 0.050310573755620355 0.14359622036461597 
0.9884232912735025 0.04756277093193659 0.1440735232071902 
0.9884501880443134 0.04701808305636141 0.1440677813422091 
0.9883399114393966 0.04724787786703427 0.14474756472226963 
0.9883721708473514 0.047419603880854505 0.14447087271237996 
0.9885642099469046 0.04728937242810554 0.1431939875393102 
0.9886380578766795 0.0473072059446135 0.1426773239990899 
0.9886551386115565 0.04803192276659799 0.14231637745638248 
0.9882898426156721 0.04838548483055763 0.14471362009293465 
0.9881976952112724 0.048923564701433754 0.14516128959207295 
0.9882352283097112 0.048794398594558 0.1449490951798196 
0.9882538273436892 0.048717887326821085 0.1448479899583039 
0.9884150795000949 0.04849830777524504 0.14381774841708111 
0.9885079940881261 0.04787701919777906 0.1433866683363723 
0.9883592483321897 0.04747058556223523 0.14454251880539323 
0.9885711435125273 0.04670222607891123 0.14333874665842583 
0.9884421258763024 0.04648207984703389 0.1442968469725864 
0.988855292763003 0.047731112314109266 0.1410211008744917 
0.9888893124705459 0.04741234221250868 0.14089001911936513 
0.9891519305490458 0.04551326777289145 0.13966746488616752 
0.9892305379883541 0.045220776647034513 0.1392049714295809 
0.9888988036212323 0.045192952490377296 0.14155123892675012 
0.988660163020602 0.04557097273252801 0.14308867355695148 
0.9885192072457613 0.04571140057961693 0.14401473800712775 
0.9882266636598297 0.046508894063010196 0.14575659163412583 
0.9883281049507774 0.04575582306418146 0.14530644039451474 
0.9884281274949163 0.04680815468631754 0.144287329422079 
0.9881289684828216 0.04667536845276605 0.1463644479539808 
0.9881541655300232 0.04644203434987036 0.14626852905225035 
0.9878936519371447 0.04615464516410188 0.14810766756676552 
0.9880914678321581 0.04598970933592728 0.14683391240612043 
0.988282357166617 0.04569466304726437 0.14563646618272497 
0.9886542453335566 0.043546305095474205 0.14375848669371655 
0.988692140104372 0.04138517340401037 0.1441357676572922 
0.9886579649060036 0.04120228680590332 0.14442229741242693 
0.9885660220348723 0.0428752143612956 0.14456464322793985 
0.9882215371910967 0.04173376032178422 0.14722936759040123 
0.9880226078832776 0.0424549594711105 0.1483539777957896 
0.9881647895878386 0.0439168843553509 0.1469750179021635 
0.9884149749759822 0.0466917316403411 0.14441509422375123 
0.9885211251854931 0.04691736144902321 0.14361318273984597 
0.988404905160015 0.048201523481640834 0.1439873487139423 
0.9887345436726152 0.04976953256858788 0.14116301136065926 
0.9888501749298475 0.047863703572816226 0.1410120470793309 
0.9890001875674743 0.04918630387578037 0.13949672577713051 
0.989020763630142 0.04909735602138146 0.13938213206921637 
0.9891984646221157 0.048609546205599714 0.13828777822690896 
0.9866169428059475 0.053065195448490046 0.15417877026445445 
0.9869081272540212 0.051661107269777885 0.15278572693684767 
0.9869048162491397 0.05016249494355993 0.15330560252413822 
0.9867543413240665 0.04919444368045457 0.1545825882467948 
0.9871319618021553 0.04705869586006598 0.15282659824970915 
0.9870441481745967 0.04577809792250226 0.15377976233849006 
0.9865653727410005 0.045228719662697175 0.15698129896928367 
0.9861300442289781 0.04566809695721481 0.1595680443862745 
0.9854698993535583 0.047984774511060174 0.16293108630095837 
0.9850742718281712 0.0484437557517707 0.16517227827592995 
0.984479987978885 0.04956618278572775 0.16835185414228757 
0.9839543939397905 0.05091059968643983 0.1710025189467895 
0.983685830679914 0.05021744494020809 0.1727437256262716 
0.9834148517490484 0.04953519969509123 0.17447490750983202 
0.9833826988194758 0.04963968147765907 0.1746263716777068 
0.9828954000648515 0.04920562079520561 0.17746954503101076 
0.9829171384186235 0.04870992456470202 0.17748589310659424 
0.9831234445961834 0.050083534654041535 0.17595434703891896 
0.9833473248686817 0.04751280681744711 0.175415426522115 
0.9837947742549664 0.047000612170641755 0.17302827689197095 
0.9846267286928176 0.04510128795566054 0.16874856730775847 
0.9846974540553406 0.04554997107204874 0.16821451813760224 
0.9850347169088408 0.045655494897479235 0.16619922463713865 
0.9858669307522955 0.04353404500956169 0.1617750962730487 
0.9856255244095764 0.04383381320287513 0.16315919358847966 
0.9858402286093632 0.04347878091227792 0.16195258338730115 
0.9862899743541456 0.041887270525743904 0.15961686332089767 
0.9864676189953546 0.03970469616360756 0.15907600000060204 
0.9865621158406784 0.03796310540301128 0.1589150534597763 
0.9870270855487988 0.03659406324177101 0.15632788276088624 
0.9873835533791081 0.03661667423850826 0.1540549826657899 
0.9881240985088098 0.03757826386941155 0.1489920804295078 
0.988235402767403 0.035613858062230316 0.1487361483670736 
0.9882363725654877 0.03611110651762521 0.1486097571651324 
0.9878968051695471 0.037691284568454254 0.1504635151901667 
0.9873592951784048 0.041035565555815855 0.15309377709207528 
0.9874053703819391 0.03961682318677772 0.15317030345825283 
0.987466675345086 0.038949098491480406 0.1529461761850337 
0.9873280926193124 0.038389950822689756 0.1539787297016765 
0.9877033663353347 0.03776215741217871 0.15171051248158512 
0.9878534521399709 0.03865079382932118 0.15050472826959763 
0.9881424699724182 0.03976145977427264 0.14830200724679102 
0.9880301851423835 0.0430741564603097 0.14812484697963374 
0.9880652277275642 0.0419330628905611 0.1482185008434938 
0.988348613566219 0.04095742080465594 0.14659300031980796 
0.9881034717843067 0.04175821499233092 0.14801277150453632 
0.988178912298655 0.04167110462863694 0.14753289913533307 
0.9881030418730458 0.03941227759015026 0.14865749566164124 
0.9880689880715031 0.03971635061821719 0.1488028437393812 
0.9882649367256308 0.04074840868061913 0.14721406871859213 
0.988260280670695 0.04076125492815976 0.14724176630752844 
0.9878887847269602 0.04149200343616666 0.14951308525190435 
0.9877270331375969 0.04368844190272244 0.1499554202198539 
0.9877665875289424 0.043536476984356594 0.1497389185656771 
0.9875062811501736 0.045077696809259896 0.15099452287856985 
0.9874096781352603 0.044870579133201687 0.15168638255648711 
0.9876099599031187 0.044959252055893524 0.15035036665979448 
0.9875622504101293 0.04507753798158493 0.15062807551847582 
0.9869971031830711 0.04565583022872433 0.15411769357978355 
0.986936220862973 0.04582530118704242 0.15445691217886595 
0.9865118725258415 0.05205988574814679 0.15519050763963504 
0.9863537146362914 0.05012105873764936 0.15682547335878402 
0.98600654273886 0.04852591478330172 0.15948772137880787 
0.9862843699539875 0.04642153752130235 0.15839249489361604 
0.985862903632612 0.04211122638082976 0.16217576839274667 
0.9863633762924715 0.040599610251172695 0.15949596094061155 
0.9863689801059852 0.042401669367046695 0.15899161462028838 
0.98635135842638 0.044778147968105766 0.1584484622676447 
0.9863627092892654 0.042848137084416225 0.1589108016213347 
0.9862061780528161 0.0409767331547103 0.16036920437049287 
0.985494118879812 0.04197344314484525 0.16443713608509963 
0.9848164779169074 0.043621174962320264 0.16802886037298526 
0.9851041558379512 0.04569060852203103 0.16577747266647525 
0.9849899826743583 0.0421360884518447 0.1673896176026023 
0.9848808445571601 0.04127184810311547 0.16824493032043647 
0.9851435083041565 0.03917443135852814 0.16720535868779518 
0.9843005210697265 0.03881502755551011 0.17217978353375277 
0.9831920814121892 0.040225588556740556 0.17808771174236404 
0.98329963586493 0.04146237115044265 0.17720806383028762 
0.9838341234757373 0.03949375566833524 0.17467301093167661 
0.9846139675363061 0.039031228330326774 0.17032879424055095 
0.9849557231850297 0.03745722110836067 0.16869848829166953 
0.9854917113616618 0.036579975066534 0.16573470445743865 
0.9852641029011406 0.03635098388528779 0.1671324430054861 
0.9853073606564491 0.03591204236018557 0.16697224395013172 
0.9847933918857281 0.034558477384994034 0.17025770742916074 
0.9848367111278418 0.03456431916824663 0.17000576535909492 
0.9843701779892953 0.03701631230980701 0.17217765624001832 
0.9843529614635737 0.03681375532814183 0.17231945530476878 
0.9844973430795485 0.036961012557526075 0.1714609722940823 
0.9838974642296053 0.03713488337183687 0.17483357892439458 
0.9838509172449562 0.03536564936219382 0.1754612307076654 
0.9837998059005173 0.03373249929874196 0.17606834014428874 
0.983504590382063 0.0326382182029784 0.1779142136254019 
0.9829936686391577 0.031483908871640306 0.18092045461332482 
0.9827339925807359 0.03286727858622788 0.1820814153741711 
0.9824924749775247 0.0359510603519485 0.18280059592930437 
0.9820968649678469 0.035991587721843375 0.18490633692112216 
0.9817984412061767 0.03718807396397424 0.18624947785154108 
0.9812184489849162 0.03650857086013559 0.18941351489633945 
0.9810938593829762 0.0353898014286219 0.1902692855819349 
0.980738095465347 0.033689658309464604 0.19240009102387523 
0.9809039913180451 0.03430366828028887 0.19144351166556775 
0.9807912558543198 0.03330585047177726 0.19219581879962355 
0.9805228146655546 0.03546041490384874 0.19317755794912014 
0.9804478664760575 0.0346876524035714 0.1936975681139958 
0.9805727139218384 0.032734164015696614 0.19340534433710496 
0.9810372167980953 0.030956757630575475 0.19133127923590723 
0.9809062342061775 0.030643302272917172 0.1920519401653267 
0.9805889883145058 0.030494853403323415 0.1936886674853332 
0.9802119839738702 0.03126410957969421 0.19546616568142403 
0.9801750028309557 0.03176724671953043 0.1955704626501575 
0.9805102090798655 0.03309452688447132 0.1936607399047401 
0.9806132700189711 0.03221834868374189 0.19328629716250764 
0.9806098235244503 0.03387533054895158 0.19302029941834048 
0.9799116506342178 0.03362623332443984 0.19657678749977828 
0.9803513882610667 0.03444265114349968 0.19422888383761625 
0.9803923775985999 0.03562307515589367 0.19380862329370624 
0.9806921512343539 0.03311026170793656 0.1927345715666156 
0.9813058872873912 0.033379367428611174 0.18953778885797862 
0.9810898549648396 0.062352688981670186 0.1832343817677919 
0.9825607326021534 0.060129057641899894 0.17595142277178902 
0.9837042918434784 0.05852122779167305 0.17000332969232032 
0.9840338443163794 0.05759155889991183 0.16840607347541056 
0.9842628951976674 0.05699531153941243 0.16726651667213882 
0.9853870930524468 0.05608520765285392 0.16083135990280228 
0.9860864469093921 0.05494735680629694 0.15688947447681817 
0.9867674918499317 0.05198589136781208 0.15358184829884391 
0.9873401534252846 0.05013104320586507 0.15048687630895727 
0.9872769266427054 0.04989301466953948 0.15097998942283475 
0.9876758485256094 0.050759579507466235 0.14805365016588606 
0.987665090498635 0.046890413016022654 0.14939530841867044 
0.9873050931704398 0.04558950820938568 0.15215206124445235 
0.987854536154612 0.044127796117332405 0.14898373404027562 
0.987753573457917 0.04533526361193217 0.14929029437425567 
0.9882849093358499 0.04521602959801842 0.14576847617513988 
0.9886935924670347 0.0451696267176549 0.14298491192016327 
0.9893994688262356 0.04187146309895403 0.13905204660239906 
0.9893421959554685 0.041860604854898495 0.13946221374692663 
0.9893130060100712 0.04070681738021793 0.14000975379626418 
0.9893795149400594 0.04172200519239419 0.13923882253056621 
0.9894746165681209 0.0430387103454442 0.13815807098816593 
0.9894655010956684 0.04170276065867129 0.13863225416526753 
0.9887452933495847 0.04338310688656895 0.14318048371168532 
0.9883379734338907 0.04304393411457916 0.14606597825821574 
0.9877039393427257 0.04425600105932539 0.14994110369441088 
0.9802759355290537 0.03271875873885139 0.19490657518213075 
0.9818272548595498 0.03220154550038923 0.18702487022411493 
0.9818032081111077 0.031501833873026866 0.18727011241886232 
0.9826553061543258 0.028897120575315804 0.1831761603189778 
0.9822366085513831 0.030183952357942655 0.18520306110194404 
0.9824272443587013 0.027922857131202922 0.18454545128883248 
0.9816405594908355 0.027604910941152434 0.18873203452103834 
0.9813384916984869 0.024563561803562162 0.19071286307551844 
0.9801424245051186 0.02333869790032726 0.19691656320773326 
0.9803460843516202 0.02313002009277486 0.19592487607997527 
0.9791718081297811 0.023075524247964347 0.20171784835392406 
0.9785208130926922 0.021587989850770574 0.2050145776246637 
0.9781713392500024 0.021902200937256675 0.20664250449498692 
0.9771573445899305 0.0239278947393956 0.21116576371963364 
0.977167733441388 0.023233743151503262 0.21119520330772334 
0.9769936385649935 0.0220547876097949 0.21212500217329822 
0.9776506507947617 0.01831118194916121 0.2094371161380036 
0.9774195168529902 0.017684985174247988 0.2105666862878686 
0.9778081935438515 0.017507309775689487 0.20876932423832706 
0.9769593142027647 0.01685315516923048 0.2127591820657938 
0.9769457235059682 0.019535813547334076 0.212592110183901 
0.9761137009498901 0.0192688621838259 0.2164041445260447 
0.9753617008383287 0.016266585891418203 0.2200112513513786 
0.9761867126868882 0.016324232400121538 0.21631694665493414 
0.977315700192494 0.014538443346964166 0.21128808727020656 
0.9779066965144524 0.013542249858522377 0.20860273339762353 
0.977684590890405 0.014761843332386022 0.20955889080850645 
0.9770352899717912 0.0125116493405382 0.2127098981724106 
0.9755531310753391 0.012710828784953195 0.21939581418227083 
0.9749580876056341 0.014216570773452737 0.22193381114153907 
0.974849541565758 0.014631888053519818 0.2223831809310696 
0.975703451702855 0.01372837100899773 0.21866482607994736 
0.9768196262904024 0.013851384981449255 0.21361544145490607 
0.977392596694701 0.015003209003960242 0.21089953922655505 
0.9779770287039631 0.015587794295306975 0.20812965189125468 
0.9765523426568425 0.019013748754566292 0.21443880108257252 
0.9768013009130512 0.022091895778819225 0.2130050860319269 
0.9769161521152678 0.02153776332233438 0.21253460068273614 
0.9758915509865539 0.01917218158259018 0.21741229994280994 
0.9753791110013246 0.021342904004518472 0.2194995905939685 
0.9760776384146331 0.022188211588711326 0.21628714028672008 
0.9776718055315388 0.0231128368501201 0.2088627239155923 
0.9779269702828849 0.026388790105525327 0.20727390706527435 
0.978099709736107 0.026252740374399668 0.2064745781857357 
0.9768788391500777 0.025985219234597113 0.21220862848179975 
0.9769053002798932 0.02569006076120265 0.2121227358468146 
0.9776318515387243 0.025097207782493563 0.20882071980167147 
0.9766624451991747 0.025659991562223566 0.21324172427223545 
0.9761008241863806 0.02472447892857162 0.2159071123524635 
0.976238065880162 0.02509328689664801 0.2152430386314102 
0.9762982454418329 0.025810211097311322 0.21488501332180124 
0.9770596293064552 0.02576347241971419 0.21140180762805927 
0.977085313276466 0.024286260557005862 0.21145795829806827 
0.9768985558721699 0.022401378971702537 0.2125262095719847 
0.9771210666858351 0.022762927483509623 0.2114622192523201 
0.977614091239364 0.021770593199788756 0.2092766826045411 
0.9779246367767325 0.02137442585101047 0.2078618259917765 
0.9790252101255206 0.02034793930254582 0.20272049552233293 
0.9801622465090297 0.020523679370576635 0.19713129914720812 
0.9804650083480266 0.019376732206454576 0.19573683775442885 
0.9785976995705541 0.03190871224680084 0.20329381810072475 
0.9780727224560014 0.03197437037029221 0.20579453157683572 
0.9778932403656272 0.029749674285425427 0.2069776976563529 
0.9779921996859982 0.029092301842805958 0.2066032316466265 
0.979048577495705 0.030030333590283415 0.20140025314803592 
0.9801916472762459 0.029491250260777292 0.19584330667126662 
0.9814055839260977 0.028062468899302067 0.1898830631677058 
0.9829026055564438 0.024878408719440318 0.1824377503970661 
0.9834715148832871 0.022977814387537335 0.17959899626430023 
0.9839411605418621 0.022010070082336464 0.1771308821366399 
0.983856436636528 0.022705996543217827 0.17751323840731711 
0.9837741321456149 0.02162089633946075 0.17810388474881925 
0.9836155671625141 0.018329470776034626 0.17934449123582258 
0.983943171584288 0.019061941228694774 0.17746119995437282 
0.9841836902779131 0.015218378767261714 0.17649607570324255 
0.984604763864729 0.014958601101964085 0.17415423976450756 
0.9846892818905615 0.014099209897510947 0.17374760548023743 
0.9851366418860795 0.01234807587875231 0.17132811163236167 
0.9858529331765236 0.013240568565766378 0.16708884310838976 
0.9861160013037972 0.012494546453534235 0.16558719238374092 
0.985602884169652 0.014069670437973006 0.1684903531073229 
0.9852331174269943 0.01701509716041031 0.17037074512283035 
0.9854593351483003 0.016308629542895654 0.16912695637154465 
0.9861492768373492 0.01605104900357598 0.16508169983089585 
0.9870468566377739 0.016591722617186347 0.15957198232172237 
0.9882509203991525 0.012741642847159493 0.15230813789086722 
0.9897171271560454 0.01278511683145776 0.1424659573427634 
0.990817694494953 0.011088941821855046 0.13474914339236999 
0.9918178945173146 0.009810717622744672 0.1272832036639859 
0.9920868912326724 0.010332732288699761 0.1251272747555138 
0.9920079293482689 0.010910361604413934 0.12570295191371195 
0.9922955098254841 0.01102538217254377 0.12340203453805794 
0.9921673955234946 0.010989354231199344 0.1244310787291772 
0.9922217947533983 0.010615504901129197 0.12402911380816709 
0.991994039759697 0.011833063801244504 0.12572908844938135 
0.9919737249924385 0.011137387865229978 0.12595271936788585 
0.9917058525531375 0.010502972770870264 0.128098358985699 
0.9916549232995294 0.014466505881853164 0.12810633592205625 
0.9909538232945254 0.01337928525566702 0.1335346952069384 
0.9907241613425353 0.012794915978061407 0.13528461204898465 
0.9910274975477924 0.015599829508787279 0.1327446587379586 
0.9914173405041384 0.015905031042718756 0.12976396624345082 
0.9910932877304016 0.017803599318581255 0.1319739628375489 
0.9910652130868779 0.017555517190497343 0.13221780222509827 
0.9907327722289405 0.017360313010406303 0.13471151978854243 
0.9902007603826923 0.016541196421687394 0.13866810360885887 
0.9896586226505353 0.012846106513615757 0.1428663296962808 
0.9895595897695003 0.01073191814105298 0.14372419499942246 
0.9891532162893995 0.009637323740660854 0.14657092718357945 
0.9890482423494067 0.008879506544753609 0.14732524790093104 
0.9891216654442996 0.008125871147622095 0.14687512099326938 
0.9892178234692073 0.008428621940339427 0.14620894659025205 
0.9882718730491775 0.008399585450649666 0.15247344655423573 
0.9866069325909443 0.008153587548844092 0.16291187671121826 
0.9860296948429746 0.01081884929009163 0.1662179093476644 
0.9856626304058048 0.012507036470566857 0.16826393868037692 
0.9855413539866757 0.00864147557642198 0.1692145516259523 
0.9867356236403407 0.007689530579999649 0.16215326132571958 
0.9879638858052542 0.009636233065294743 0.15438427172770564 
0.9885944875259391 0.009013575690353793 0.15033194832303637 
0.9885146453139546 0.02065669011231617 0.1497067037691713 
0.9891801227399412 0.021711151308351176 0.14509069813417036 
0.9884919276378343 0.022042020685057468 0.1496591404457407 
0.9890044666758545 0.020733750624623248 0.14642498584683053 
0.9884638333382852 0.019026269988811285 0.15025728345905767 
0.9875551430609755 0.015904133295347705 0.15646692288768338 
0.9873753052888764 0.0184262327766615 0.15732285419276618 
0.9865772903075269 0.017372356749785614 0.162368258814387 
0.9862848015013645 0.016193130631322217 0.1642561196661199 
0.9864830645376013 0.016563501893988617 0.16302396690520882 
0.984417493321141 0.016601277861558576 0.1750616931732487 
0.9817643988737148 0.01899136565376266 0.1891507153957882 
0.9824814106856194 0.019286613628119374 0.1853599314629639 
0.9815160494783437 0.01915118879385317 0.19041921274967996 
0.9800185186467186 0.0189745754152443 0.19799916312273286 
0.9786910475795363 0.0250863955672704 0.20380016227940612 
0.9776422992481706 0.028133505181236248 0.20838435787498064 
0.979283041811082 0.030434014486158276 0.20019614078071332 
0.9806014375267821 0.03095509932500595 0.1935525834138813 
0.9811584867744974 0.032752405807379606 0.19040825545182455 
0.9827056899400995 0.03460106343908118 0.1819128730140822 
0.9838203175913693 0.03721880847876574 0.17524937372167093 
0.9837782523019365 0.03866594079596804 0.17517218763294043 
0.9838219199353786 0.037230669626082444 0.17523785862038804 
0.9845237302824411 0.03723443799442557 0.1712501712057146 
0.9849242633273296 0.035693146373410985 0.16926368426535998 
0.9848519377753971 0.036329394183991316 0.16954891854054788 
0.9847679553600486 0.039139285092723575 0.16941130558029405 
0.9852683831447301 0.03946713373064395 0.16639879365685611 
0.9855353513359302 0.036345137271905394 0.16552674183904834 
0.9849397164214202 0.03635226458014302 0.16903333362265469 
0.9844816420392265 0.034506320054767746 0.17206164698742718 
0.9843741308466318 0.03587007427666488 0.17239752982953335 
0.9841969996721006 0.034557991048924167 0.17367213677241844 
0.9833656240400767 0.03499752824091449 0.17823361768560161 
0.9834210357818771 0.031444515311826106 0.1785897780907533 
0.9841926374366109 0.02875043130573344 0.1747520103326487 
0.983919889612661 0.028242969997579956 0.17636322028791834 
0.9834617566078098 0.029012785741515806 0.17877704425735985 
0.982687824947847 0.0288575289378061 0.18300787339039057 
0.9824984849871897 0.0279155042209534 0.1841669123973325 
0.9829949953211244 0.027144101081064798 0.18161507908244698 
0.9831467166028697 0.026110798874191328 0.18094407924866762 
0.9834845028201414 0.024954696420357393 0.17926376052952508 
0.9837946484276142 0.02598610042925526 0.17740578431851642 
0.9833619333348902 0.0267232586879369 0.17968075999662447 
0.9827938691681419 0.026457121388230666 0.18280107071174842 
0.9823402327716466 0.026201549022607722 0.1852596715611976 
0.9824514762702328 0.024381423943240114 0.18491793569294454 
0.9449194841683666 0.0819842186345334 0.3168686736392112 
0.9454369726973937 0.07960432747142898 0.31593050138378365 
0.9456896259500542 0.07885372897858872 0.31536204717216343 
0.9451880898256778 0.0776289317495414 0.317164348259875 
0.945126713291574 0.07789898154483332 0.31728101817938054 
0.9458948270647769 0.0783171169778528 0.314879985582401 
0.946576907098555 0.07353740156079919 0.3139815432782942 
0.9481575451743448 0.07384523180762648 0.3091021696271932 
0.9487273771897241 0.0753939879568666 0.3069724911953299 
0.9486661138081124 0.07586806980166783 0.3070450137956695 
0.9479671772237916 0.07163503057853689 0.31020421225439304 
0.9486693677451055 0.06791059024033624 0.3088925095163542 
0.9488816797287628 0.06538521188679204 0.30878525214401187 
0.949491016266625 0.06395076351585186 0.3072085771502991 
0.9487635494827572 0.06230584874106052 0.3097833248990914 
0.9482385235125301 0.05880135422445761 0.31206746589182716 
0.9455846793056681 0.05813839429171559 0.32013987782152015 
0.9451419826657383 0.05584912103670197 0.3218501332640781 
0.9441233496583843 0.053932751037402624 0.3251497485703622 
0.9427606754309947 0.04739133452906287 0.3300853984538685 
0.9422551953866632 0.04664642577250112 0.33163120741192575 
0.9414012106522749 0.0447821089787683 0.33430274198373716 
0.941381949535073 0.042612124226947885 0.33464045176638835 
0.9411587614011201 0.03984537899980179 0.33560770493281555 
0.9431774379765753 0.040542390112080884 0.3298069664151188 
0.943178634500081 0.041888502219712645 0.3296352784584075 
0.9420106891966336 0.04353743494520057 0.332746680220368 
0.9434568338458343 0.044663060796969155 0.3284728507347903 
0.9438267652419537 0.044638788740212605 0.3274116915333302 
0.9444974663961562 0.04321966925774765 0.3256633171858521 
0.9456218620268585 0.04354616230583092 0.3223399227605714 
0.9462353943678776 0.04354533717114768 0.32053452552902684 
0.9468054218932671 0.046370552099174206 0.3184482139556291 
0.946751252385069 0.04748258715597199 0.3184453956713442 
0.9465024783665219 0.04420613547119199 0.31965430707677717 
0.9478928586336939 0.041537427829502246 0.31586986345733076 
0.948367888775596 0.04724210827749282 0.31363439024573897 
0.9480298483733728 0.044977776058216554 0.31498635883799214 
0.9466175164714932 0.04714506651172537 0.31889280363932226 
0.9455884272063521 0.04847806920258225 0.3217334349112741 
0.9451586860201349 0.04783953845920824 0.323088899222338 
0.9457964823253661 0.04685690006038535 0.3213618598055696 
0.9471090575390931 0.04557560030683248 0.31765909051069624 
0.9475393330917851 0.04288651863459587 0.31674904698101247 
0.9482361012295888 0.04246832697595242 0.31471373902130895 
0.950174869497613 0.0411742015887163 0.308986087872457 
0.9491924626030197 0.04130610548692738 0.3119735158424793 
0.9486232981622829 0.042985237457948654 0.3134742533995357 
0.9492854020253487 0.044356965549972226 0.31127107978219043 
0.9489679543844535 0.03965748083788001 0.31286915118780706 
0.9482164668076049 0.037015648770566414 0.315460574115049 
0.9503807732919751 0.03553708751744993 0.3090525864116404 
0.9506629716970212 0.03204753851128432 0.30856582688229833 
0.9507174127535921 0.033322275636067177 0.3082629186807102 
0.9497421662834632 0.032552598736871226 0.311336065849543 
0.949073734891343 0.033123717409325286 0.31330793970849846 
0.9490187771088723 0.033872520689878505 0.3133943411054104 
0.9482677266984126 0.03166175773100003 0.3158889861954799 
0.9486931018900908 0.030622356118435022 0.3147120425594062 
0.9486221344174278 0.030704083673475373 0.31491793429256426 
0.9498257316740921 0.06002413339258481 0.3069660939912496 
0.9500854585076107 0.05534666941636623 0.3070413127201267 
0.9498163120542207 0.05201002680346433 0.3084540978291939 
0.9487874768915534 0.049930739320240634 0.3119442978557136 
0.9477308529114096 0.04850438169012279 0.31536257767317766 
0.9466240381389515 0.048227201636437 0.3187115740600324 
0.9436574238194848 0.04860496338426038 0.32733503326834384 
0.9423315640737968 0.046318985330069715 0.3314600653898213 
0.9397449132843896 0.046245668471298816 0.3387341673108245 
0.9390153287354407 0.044890507761766923 0.3409326248876203 
0.9391522293600363 0.045326485351544835 0.34049757681039383 
0.9386801965619505 0.043040634473633384 0.3420920817068488 
0.938463226431277 0.042112705083701484 0.34280211887724765 
0.9381295309261569 0.03946245261413948 0.34402862967774256 
0.9377711497932048 0.040459987534744606 0.3448887647114923 
0.9342504247899858 0.057814790516795965 0.3518999769497437 
0.9347515493876262 0.05407489731814784 0.351162991212719 
0.9343073588974384 0.053886580908470316 0.35237195618846834 
0.9359534910199478 0.047077538230683 0.3489624163741864 
0.9377562328720132 0.04468372849242202 0.34440762494129845 
0.9398316543295164 0.043764975644725354 0.3388230931135906 
0.9410106586839703 0.0417911903237397 0.335786296108828 
0.9415844247205739 0.041089257131303986 0.3342610418101748 
0.9417010403813507 0.04623988390430038 0.33325819371952226 
0.944933928308529 0.04303157027753111 0.3244197205640582 
0.9473962914456063 0.042617423789355374 0.31721289719157103 
0.9486059166354273 0.041913828745771695 0.3136718761446917 
0.9496712795834688 0.039006690923689975 0.3108101330353963 
0.9512622549360404 0.037055532548852174 0.30614867277439 
0.9500728673827115 0.036787247113370114 0.3098519729048253 
0.9504413505601618 0.03751270967263638 0.3086325254382504 
0.949992268452782 0.0388021222123205 0.30985332851489217 
0.9497311655325386 0.039542748369839065 0.31055930877622306 
0.9501192987077799 0.03924132860416291 0.30940820343426007 
0.9497373451062933 0.037845029529094985 0.3107518769861119 
0.9475840992221942 0.03815990546877214 0.3172194768860779 
0.9472737928060037 0.038785790717992576 0.3180692124385958 
0.9458162663535503 0.036176584182221604 0.3226807168982007 
0.9470129812084328 0.034426337356306826 0.31934501830926737 
0.9475847199334909 0.03193127964552153 0.317905004567036 
0.9496487926318065 0.031018358829250147 0.31177721544155873 
0.949577117003424 0.03223490878432825 0.3118721044260483 
0.9496967537553005 0.03183725871161413 0.3115484952047977 
0.9489832598019932 0.03260548870448983 0.3136361820994578 
0.9469692590581398 0.03278759291649596 0.3196469867676217 
0.9469281183721953 0.03385276361299715 0.3196578311755498 
0.9450793385446088 0.03516077260122233 0.3249442474120287 
0.9446734635586208 0.034047737489099596 0.3262404003492401 
0.945978271751003 0.033323563315421675 0.3225130222222795 
0.9446588262855788 0.03528846083298602 0.32615092588062833 
0.9440641212249641 0.03444793387528946 0.3279577333551687 
0.9436371308276034 0.033097191468306544 0.3293228525935586 
0.9421769160802238 0.03345778530986747 0.33344150222747887 
0.9439014800767844 0.033756782388768426 0.32849729915421366 
0.942535669757762 0.03619318351582467 0.332139375415317 
0.9434727391450284 0.03307876039916532 0.3297953700412302 
0.9434528695107005 0.037151953866554316 0.329418298423027 
0.9447354882481568 0.03141323870922515 0.3263250920145642 
0.9441532644956843 0.030468163680797942 0.32809496208272165 
0.9443858387850117 0.03148209897615831 0.3273289858023352 
0.9444118386710952 0.03008916151762818 0.32738497420780843 
0.9474354782594583 0.030291032673342464 0.31850976103544143 
0.9481424982278898 0.0353238354189397 0.3158766051885954 
0.9495969530520442 0.03414189295255543 0.3116086614648089 
0.951511126558881 0.03184633911519666 0.3059614137756734 
0.9525415185984023 0.032973324094748936 0.3026176056418269 
0.9518323646671288 0.03910344882156627 0.3041152246475683 
0.9515967699970812 0.038004106277913945 0.3049906149984606 
0.9545402344095655 0.03963893824857676 0.2954347567024861 
0.9545658212219835 0.04084030827116367 0.29518835033774066 
0.9554358495278251 0.03745141121199532 0.292813471744852 
0.9526656913593057 0.04384396790248759 0.3008417972713597 
0.9516628706002099 0.04541199098018099 0.30376887891320276 
0.9483055893396163 0.05125346191017863 0.3131925795249066 
0.9481193880623892 0.05518739162179215 0.31308781162188953 
0.9435351879044143 0.06593178642622587 0.32464495795380555 
0.9429733591871158 0.06698811472423007 0.3260580260460704 
0.9465704692393085 0.06517731112469444 0.31584215183953795 
0.950641582615491 0.05823428031234176 0.30477754182160177 
0.9558976298873231 0.04998424776601938 0.2894154386881659 
0.9588348088729125 0.04525698270691672 0.28033482625230666 
0.9623735114964808 0.04342035444350577 0.26823850802957655 
0.9638763329266175 0.04567063929412001 0.26240542587835874 
0.9629034885196696 0.04279069116496042 0.26643165830335475 
0.9580338943993271 0.03725862665525082 0.28422324310623076 
0.9536472570764527 0.038707143869160944 0.29842698618598495 
0.9502737216379917 0.03900778605074286 0.3089631799935069 
0.9464661479129205 0.04060852249199917 0.3202386278322691 
0.9461066746600449 0.04445951108567917 0.32078889014075 
0.9457187044420248 0.04924576881081534 0.32123353860194914 
0.9424537277259203 0.05444456412686712 0.32987385548502063 
0.9405932031322641 0.05844342574772256 0.3344679240349632 
0.9372810560552844 0.05384159101716091 0.3443912092905849 
0.939704028032156 0.05766937042891388 0.3370913576680271 
0.9405373231373219 0.05591290738029548 0.33505714523639596 
0.9423042487573627 0.04998106316048071 0.3310054321293993 
0.9379141847842632 0.051971947243435374 0.3429517439526971 
0.9390953115280329 0.056025123902332476 0.33905925936006376 
0.9414754819466559 0.05532228942370982 0.33251069334117883 
0.9439964880546678 0.05778929371256257 0.32485539563420585 
0.9455224368022284 0.059024915655983654 0.3201614918059012 
0.9466198248598349 0.06002203589146561 0.31671479660694624 
0.945629142584199 0.053877809707627476 0.32075334186346555 
0.9470534678580672 0.05429747217408753 0.31645143945558696 
0.950914417902388 0.05212893845426682 0.305031709172987 
0.9535213562131667 0.05175033062372499 0.2968483224236556 
0.952367256081452 0.05044470654579196 0.30075229197031056 
0.9473891155482601 0.05232057573573922 0.3157790700717297 
0.946894085082214 0.050174389382917246 0.31760686750504685 
0.9484605983718385 0.052727530976664584 0.3124776805041262 
0.9500646911731236 0.056220678197616024 0.30694676725633907 
0.9518772169771541 0.05708058415091491 0.3011172042790283 
0.9538610226395954 0.058045640635133046 0.2945842037384261 
0.9547393308699496 0.058301351641762554 0.2916740689309635 
0.9548005260807213 0.05975070336555331 0.29118002823562483 
0.9543981816298047 0.06313059315533298 0.29178526198144084 
0.9517153151338257 0.06737577330044031 0.29949701853589544 
0.9509949791755012 0.06636089608626945 0.3020012931323559 
0.9514205124798202 0.06471691551834685 0.30101616115821317 
0.949287949119647 0.0641347373296601 0.3077972142886776 
0.9488982769275448 0.06935660354112744 0.307866402176619 
0.9489552519885853 0.06876411533183563 0.3078236933147127 
0.9463391736893205 0.06968227682899598 0.31557336490417126 
0.9441644268772121 0.06754090183763611 0.32247753657981243 
0.9406950851729177 0.07016138927289418 0.3319188698866255 
0.938290987943454 0.06902596387288168 0.33888853367370925 
0.9376936306892681 0.0689990692971652 0.3405433649344874 
0.9365280244296837 0.06652938583341607 0.3442224575452077 
0.93359162028286 0.06962314765786408 0.35151003377974216 
0.9324531933373998 0.06749256297716563 0.3549306920761559 
0.9322863817298683 0.07312260438191426 0.35425299881502226 
0.9310274143436807 0.07486620514803828 0.357187632858771 
0.9337131754737985 0.07495010446212508 0.3500888284246615 
0.9330093053420515 0.07291605594496142 0.3523874074517614 
0.9301111518119227 0.07983103088087354 0.3584972130764693 
0.9324175163593017 0.10948059889964902 0.34440031017832384 
0.9296549761806943 0.11771010374537365 0.34912169330868925 
0.9227285223098528 0.1268901615894409 0.36396560415467977 
0.9143431582158312 0.1348047419677528 0.3818432539235268 
0.9085333491138519 0.1362707708922388 0.3949651004182555 
0.8919536253588636 0.13336106149296786 0.4320110617642201 
0.8793149444022953 0.130236709141609 0.45808692203854967 
0.868743641295065 0.13932556805975121 0.4752608460563725 
0.858614073549426 0.1423510361798796 0.49246122202806536 
0.8558090554835242 0.15761541333283638 0.49269487721338984 
0.8554539996806974 0.16735391564180138 0.4900929721488102 
0.8504776651710824 0.18826561747864878 0.49116575442565963 
0.8469925756528027 0.19404028256775926 0.4949262021049757 
0.8482427718815343 0.1759613383612496 0.49952157846568457 
0.8440806808345764 0.16493771701699717 0.5102189272724591 
0.8415799639974436 0.1666014853089702 0.5137967587391986 
0.8381579607357217 0.16085662942018975 0.5211682814858484 
0.8348142684252855 0.1632740800481742 0.525762980836401 
0.8367446976931899 0.1530419058475109 0.5257722757400715 
0.8387361452911308 0.15054965410114224 0.5233129849642579 
0.839895057340421 0.14498029121767228 0.5230267754270043 
0.8452896645661414 0.13984283187368463 0.5156833964277002 
0.8510191514685111 0.1462110565695282 0.5043696370427521 
0.8516033033010765 0.15216270639289492 0.5016157140579672 
0.8564058998697194 0.14303919942701027 0.49609346104904095 
0.8566610594807443 0.15602637205086958 0.4917190258612862 
0.8601185605728928 0.14992946552486627 0.487562526375277 
0.8611203023532692 0.16494313512941491 0.480900807910211 
0.8726599869506705 0.158706961692465 0.4618188470445984 
0.8765865268190578 0.1666536173554877 0.45146720016146447 
