52
010101010101010101010101010101010101010101010101010101010101010101010101010111010101010101010101011
010101010101010101010101010101010101010101010101010101010101010101010101010111010101010101010101011
010101010101010101010101010101010101010101010101010101010101010101010101010111010101010101010101011
010101010111010101010101010101010101010101010101010101010101010101010101010111010101010101010101011
010101010111010101010101010101010101010101010101010101010101010101010101010111010101010101010101011
010101010111010101010101010101010101010101010101010101010101010101010101010101010101010101010101011
010101010111010101010101010101010101010101010101010101110101010101010101010101010101010101010101011
010101010111010101010101010101010101010101010101010101110101010101010101010101010101010101010101011
010101010111010101010101010101010101010101010101010101110101010101010101010101010101010101010101011
010101010111010101010101010101010101010101010101010101110101010101010101010101010101010101010101011
010101010111010101010101010101010101010101010101010101110101010101010101010101010101010101010101011
010101010111010101010101010101010101010101010101010101110101010101010101010101010101010101010101011
010101010111010101010101010101010101010101010101010101110101010101010101010101010101010101010101011
010101010111010101010101010101011101010101010101010101110101010101010101010101010101010101010101011
010101010111010101010101010101011101010101010101010101110101010101010101010101010101010101010101010
010101010111010101010101010101011101010101010101010101110101010101010101010101010101010101010101010
010101010111010101010101010101010101010101010101010101010101010101010101010101010101010101010101010
010101010101010101010101010101011101010101010101010101110101010101010101010101010101010101010101010
010101010101010101010101010101011101010101010101010101110101010101010101010101010101010101010101010
010101010101010101010101010101010101010101010101010101110101010101010101010111010101010101010101010
010101010101010101010101010101010101010101010101010101110101010101010101010111010101010101010101010
010101010101010101010101010101010101010101010101010101110101010101010101010101010101010101010101010
010101010101010101010101010101010101010101010101010101110101010101010101010101010101010101010101010
010101010101010101010101010101010101010101010101010101110101010101010101010101010101010101010101010
010101010101010101010101010101010101010101010101010101110101010101010101010101010101010101010101010
010101010101010101010101010101010101010101010101010101010101010101010101010101010101010101010101010
010101010101010101010101010101010101010101010101010101110101010101010101010101011101010101010101010
010101010101010101010101010101010101010101010101010101110101010101010101010111011101010101010101010
010101010101010101010101010101010101010101010101010101110101010101010101010101011101010101010101011
010101010101010101010101010101010101010101010101010101110101010101010101010101011101010101010101011
010101010101010101010101010101010101010101010101010101110101010101010101010111010101010101010101011
010101010101010101010101010101010101010101010101010101010101010101010101010101010101010101010101010
010101010101010101010101010101010101010101010101010101010101010101010101010101010101010101010101010
010101010101010101010101010101010101010101010101010101010101010101010101010101010101010101010101010
010101010101010101010101010101010101010101010101010101010101010101010101010101011101010101010101010
010101010101010101010101010101010101010101010101010101010101010101010101010101011101010101010101010
010101010101010101010101010101010101010101010101010101010101010101010101010101010101010101010101010
010101010101010101010101010101010101010101010101010101010101010101010101010101010101010101010101010
010101010101010101010101010101010101010101010101010101010101010101010101010101010101010101010101010
010101010101010101010101010101010101010101010101010101010101010101010101010101010101010101010101010
010101010101010101010101010101010101010101010101010101010101010101010101010101010101010101010101010
010101010101010101010101010101010101010101010101010101010101010101010101010101010101010101010101010
010101010101010101010101010101010101010101010101010101010101010101010101010101010101010101010101010
010101010101010101010101010101010101010101010101010101010101010101010101010101010101010101010101010
010101010101010101010101010101010101010101010101010101010101010101010101010101010101010101010101010
010101010101010101010101010101010101010101010101010101010101010101010101010101010101010101010101010
010101010101010101010101010101010101010101010101010101010101010101010101010101010101010101010101010
010101010101010101010101010101010101010101010101010101010101010101010101010101010101010101010101010
010101010101010101010101010101010101010101010101010101010101010101010101010101010101010101010101010
010101010101011101010101010101010101010101010101010101010101010101010101010101010101010101010101010
010101010101011101010101010101010101010101010101010101010101010101010101010101010101010101010101010
010101010101010101010101010101010101010101010101010101010101010101010101010111010101010101010101011
010101010101010101010101010101010101010101010101010101010101010101010101010111010101010101010101011
010101010101010101010101010101010101010101010101010101010101010101010101010111010101010101010101011
010101010101011101010101010101010101010101010101010101010101010101010101010111010101010101010101011
010101010101011101010101010101010101010101010101010101010101010101010101010111010101010101010101011
010101010101011101010101010101010101010101010101010101010101010101010101010111010101010101010101011
010101010101011101010101010101010101010101010101010101010101010101010101010111010101010101010101011
010101010101011101010101010101010101010101010101010101010101010101010101010101010101010101010101011
010101010101011101010101010101010101010101010101010101010101010101010101010101010101010101010101011
010101010101011101010101010101010101010101010101010101010101010101010101010101010101010101010101011
010101010101011101010101010101010101010101010101010101010101010101010101010101010101010101010101011
010101010101011101010101010101010101110101010101010101010101010101010101010101010101010101010101011
011101010101011101010101010101010101110101010101010101010101010101010101010101010101010101010101011
011101010101011101010101010101010101110101010101010101010101010101010101010101010101010101010101011
011101010101011101010101010101010101110101010101010101010101010101010101010101010101010101010101011
011101010101011101010101010101010101110101010101010101010101010101010101010101010101010101010101011
011101010101011101010101010101010101110101010101010101010101010101010101010101010101010101010101011
011101010101011101010101010101010101110101010101010101010101010101010101010101010101010101010101011
011101010101011101010101010101010101110101010101010101010101010101010101010101010101010101010101011
011101010101011101010101010101010101110101010101010101010101010101010101010101010101010101010101010
011101010101011101010101010101010101110101010101010101010101010101010101010101010101010101010101010
011101010101011101011101010101010101110101010101010101010101010101010101010101010101010101010101010
011101010101011101011101010101010101110101010101010101010101010101010101010101010101010101010101010
011101010101011101011101010101010101110101010101010101010101010101010101010101010101010101010101010
011101010101011101011101010101010101110101010101010101010101010101010101010101010101010101010101010
011101010101011101011101010101010101110101010101010101010101010101010101010101010101010101010101010
011101010101011101011101010101010101110101010101010101010101010101010101010101010101010101010101010
011101010101011101010101010101010101110101010101010101010111010101010101010101010101010101010101010
011101010101011101010101010101010101110101010101010101010111010101010101010101010101010101010101010
011101010101011101010101110101010101110101010101010101010111010101010101010101010101010101010101010
011101010101011101010101110101010101110101010101010101010111010101010101010101010101010101010101010
011101010101011101010101110101010101110101010101010101010111010101010101010101010101010101010101010
011101010101011101010101110101010101110101010101010101010111010101010101010101010101010101010101010
011101010101011101010101110101010101110101010101010101010111010101010101010101010101010101010101010
011101010101011101010101110101010101110101010101010101010111010101010101010101010101010101010101010
011101010101011101010101110101010101110101010101010101010111010101010101010101010101010101010101010
011101010101011101010101110101010101110101010101010101010111010101010101010101010101010101010101010
011101010101011101010101110101010101110101010101010101010111010101010101010101011101010101010101010
011101010101011101010101110101010101110101010101010101010111010101010101010101010101010101010101010
011101010101111101010101110101010101110101110111010101010111010101010101010101011101010101010101010
011101010101111101010101110101010101110101110111010101010111010101010101010101011101010101010101010
011101010101111101010101110101010101110101110111010101010111010101010101010101011101010101010101010
011101010101111101010101110101010101110101110111010101010111010101010101010101011101010101010101010
011101010101111101010101110101010101110101110111010101010111010101010101010101011101010101010101010
011101010101111101010101110101010101110101010111010101010111010101010101010101011101010101010101010
111101010101111101010101110101010101110101110111010101010111010101010101010101011101010101010101010
111101010101111101010101110101010101110101110111010101010111010101010101010101011101010101010101010
111101010101111101010101110101010111110101110111010101010111010101010101010101011101010101010101010
111101010101111101010101110101010111110101110111010101010111010101011101010101011101010101010101010
111101010101111101010101110101010111110101110111010101010111010101011101010101011101010101010101010
111101010101111101010101110101010111110101110111010101010111010101011101010101011101010101010101010
111101010101111101010101110101010111110101110111010101010111010101011101010101011101010101010101010
111101010101111101010101110101010111110101110111010101010111010101011101010101011101010101010101010
111101010101111101010101110101010111110101110111010101010111010101011101010101011101010101010101010
111101010101111101010101110101010111110101110111010101010111010101011101010101011101010101010101010
111101010101111101010101110101010111110101110111010101010111010101011101010101011101010101010101010
111101010101111101010101110101010111110101010111010101010111010101011101010101011101010101010101010
111101010101111101010101110101010111110101010111010101010111010111011101010101011101010101010101010
111101010101111101010111110101010111110101010111010101010111010111011101010101011101010101010101010
111101010101111101010111110101010111110101010111010101010111010111011101010101011101010101010101010
111101010101110101010111110101010111110101010111010101011111010111011101010101011101010101010101010
111101010101110101010111110101010111110101010111010101011111010111011101010101011101010101110101010
111101010101110101010111110101010111110101010111010101011111010111011101010101011101010101110101010
111101010101110101010111110101010111110101010111010101111111010111011101010101011101010101110101010
111101010101110101010111110101010111110101010111010101111111010111011101010101011101010101110101010
111101010101110101010111110101010111110101010111010101111111010111011101010111011101010101110101011
111101010101110101010111110101010111110101010111010101111111010111011101010111011101010101110101011
111101010111110101010111110101010111110101010111010101111111010111011101010111011101010101110101011
111101010111110101010111110101010111110101010111010101111111010111011101010111011101010101110101011
111101010111110101010111110101010111110101010111010101111111010111011101010111011101010101110101011
111101010111110101010111110101011111110101010111010101111111010111011101010111011101010101110101011
111101010111110101010111110101011111110101010111010101111111010111011101010111011101010101110101011
111101010111110101010111110101011111110101010111010101111111010111011101010111011101010101110101011
111101010111110101010111110101011111110101010111010101111111010111011101010111011101010101110101011
111101010111111101010111110101011111110101010111010101111111010111011101010111011101010101110101011
111101010111111101010111110101011111110101010111010101111111010111011101010111011101010101110101011
111101010111111101010111110101010111110101010111010101111111010101011101010101011101010101110101011
111101010101111101010111110101010111110101010111010101111111010111011101010101011101010101110101011
111101010101111101010111110101010111110101010111010101011111010111011101010101011101010101110101011
111101010101111101010111110101010111110101010111010101111111010111011101010101011101010101110101011
111101010101111101010111110101010111110101010111010101011111010111011101010101011101010101110101011
111101010101111101010111110101010111110101010111010101011111010111011101010101011101010101110101011
111101010101111101010111110101010111110101010111010101011111010111011101010101011101010101110101011
111101010101111101010111110101010111110101010111010101011111010111011101010101011101010101110101011
111101010101111101010111110101010111110101010111010101011111010111011101010101011101010101110101011
111101010101111101010111110101010111110101010111010101011111010111011101010101011101010101110101011
111101010101111101010111110101010111110101010111010101011111010111011101010111011101010101110101010
111101010101111101010111110101010111110101010111010101011111010111011101010111011101010101110101010
111101010101111101010111110101010111110101010111010101011111010111011101010111011101010101110101010
111101010101111101010111110101010111110101010111010101011111010111011101010111011101010101110101010
111101010101111101010111110101010111110101010111010101011111010111011101010111011101010101110101010
111101010101111101010111110101010111010101011111010101011111010111011101010111011101010101110101010
111101010101111101010111110101010111010101011111010101011111010111011101010111111101010101110101010
110101010101111101010111110101011111010101011111010101011111010111011101010111111101010101110101010
110101010101111101010111110101011111110101011111010101011111010111011101010111111101010101110101010
111101010101111101010111110101011111110101011111010101011111010111011101010111111101010101010101010
111101010101111101010111110101011111110101011111010101011111010111111101010111111101010101110101010
111101010101111101010111110101011111110101011111010101011111010111111101010111111101010101110101010
110101010101111101010111010101011111110101011111010101011101010111111101010111111101010101110101010
110101010101111101010111010101011111110101011111010101011101010111111101010111111101010101110101010
110101010101111101010111010101011111110101011111010101011101010111111101010111111101010101110101010
110101010101111101010111010101011111110101011111010101011101010111111101010111111101010101110101010
110101010101111101010111010101011111110101011111010101111111010111111101010101111101010101110101010
111101010101111101010111110101011111110101011111010101111111010101111101010101111101010111110101010
110101010101111101010111110101011111110101011111010101011111010101111101010101111101010111110101010
111101010111111101011111110101011111110101011111010101111111010101111101010101111101010111110101010
111101010111111101010111010101011111110101011111010101111111010101111101010101111101010111110101010
111101010111011101010111010101011111110101011101010101111101010111111101010101110101010111110101010
111101010111011101011111110101010111110101011101010101011111010101111101010101110101010111110101010
111101010101111101011111110101010111110101011101010101011111010101111101010101110101010111110101010
111101010101111101010111110101010111110101011111010101011101010101111101010101111101010111110101010
111101010101111101010111110101010111110101111111010101011111010101111101010101111101010111110101010
111101010101111101010111110101010111110101111111010101011111010101111101010101111101010111110101010
111101010101111101010111110101010111110101111111010101011111010101111101010101111101010111110101010
111101010101111101010111110101010111110101111111010101011111010101111101010101111101010111110101010
011101010101011101010111110101010111110101111111010101011111010101111101010101111101010111110101010
011101010101011101010111110101010101110101111111010101011111010101110101010101111101010111110101010
011101010101011101010111110101010111110101011111010101011111010101110101010101111101010111110101010
111101010101011101010111110101010111110101111111010101011111010101110101010101111101010111110101010
111101010101111101010111110101010111110101111111010101011111010101111101010101111101010111110101010
011101010101111101010111110101010111110101111111010101011111010101111101010101111101010111110101010
011101010101111101010111110101010111110101111111010101011111010101111101010101111101010111110101010
011101010101111101010111110101010111110101111111010101011111010101111101010101111101010111110101010
011101010101111101010111110101010111110101111111010101011111010101111101010101111101010111110101010
011101010101111101010111110101010111110101011111010101011111010101111101010101111101010111110101010
011101010101111101011101110101010111110101111111010101011111010101111101010101111101010111110101010
011101010101111101011101110101010111110101011111010101011111010101111101010101111101010111110101010
011101010101111101011101110101010111110101111101010101011111010101111101010101111101010111110101010
011101010101111101011101110101010111110101011111010101011111010101111101010101111101010111110101010
011101010111011101011101110101010101110101111111010101011111010111111101010101110101011111110101010
011101010111111101011101110101010101110101111111010101011111010111111101010101110101010111110101010
011101010101111101010101110101010101110101111111010101011111010111111101010101111101010111110101010
011101010101111101010101110101010101110101111111010101011111010111111101010101110101011111110101010
011101010101011101010101110101010101110101111111010101011111010111111101010111110101011111110101010
011101010101011101010101110101010111110101111111010101011111010111111101010111110101011111110101010
011101010101111101010101110101010111110101111111010101111111010111110101010101110101010111110101010
011101010101111101011101110101010111110101011111010101011111010101110101010101111101010111110101110
011101010101111101010101110101010111110101011111010101011111010101110101010101111101010111110101010
011101010101111101011101110101010111110111011101010101011111011101110101010101111101010111110101010
011101010101111101010101110101010111110101011111010101111111010101110101010101111101010111110101011
011101010101111101010101110101010111110101011111010101111111010101110101010101111101010111110101111
011101010101111101010101110101010111110101011111010101111111010101110101010101111101010111110101011
011101010101111101010101110101010111110101011111010101011111010101110101010111111101110111110101011
011101010101111101010111110101010111110101011111010101111111010101111101010111111101010111110101010
011101010111111101010101110101011111110101011111010101011111010101111101010101111101010111110101010
011101011101011101010101110101110111110101011101010101011111010111110101011101111101011111110101110
011101010101011101011101110101110111110101111101010101011111010111110101010101111101011111110101010
011101010101111101010101110101110111110101011101010101011111010101110101010111111101010111110101011
011101011101111101010101110101110111110101011101010101011111010111110101010101111101011111110101011
011101010101111101010101110101010111110101011101010101011111010111110101010111111101011111110101010
011101010101111101010111110101010111110101111101010101111111010101110101010101111101010111110101110
011101010101111101010111110101010111110101111111010101111111010101110101010101111101011111110101110
011101010101111101010111110101010101110101111111010101110111010101111101010101110101011111110101110
011101010101111101010111110101010101110101111111010101110111010111111101010101110101011111110101110
111101010101111101010111110101010101110101011111010101110111010111111101010101110101011111110101110
111101010101111101010111110101011101110101011111010101010111010111111101010101110101010111110101010
111101010101111101010111110101011101110101011111010101010111010101111101010101110101010111110101010
111101010101111101010111110101011111110101011111010101010111010101111101010101110101010111110101010
111101010111111101010111110101011111110101011111010101011111010101110101010101110101011111110101010
011101010111111101010101110101011111110101011101010101011111010101110101010101111101011111110101010
011101010111111101010101110101010111110101011111010101011111010101110101010101111101010111110101010
111101010111111101010101110101010111110101011111010101011111010101111101010101111101010111110101010
111101010111111101010101110101010111110101011111010101011111010101111101010101111101010111110101010
111101010111111101010101110101010111110101011111010101011111010101110101010101111101010111110101010
111101010111111101010101110101010111110101011111010101011111010101110101010101111101010111110101010
011101010101111101010111110101010111110101011111010101011111010101110101010111111101010111110101010
011101010101111101010111110101010111110101011111010101011111010101110101010111111101010111110101010
011101010111111101010111110101010111110101011111010101011111010101110101010111111101010111110101010
011101010111111101010111110101010111110101011111010101011111010101110101010111111101010111110101010
111101010111111101010101110101010111110101011111010101011111010101110101010111111101010111110101010
011111010111011101010101111101010111110101011111110101011111010101111111010101111101010111111101010
011111010101011101010101111101011111110101011111110101111111010101111111010101111101010111111101010
011111010101011101010101111101010111110101011101110101111111010101111111010111111101011111111101011
011111010101011101010101111101010111110101011111110101111111010101111111010111111101010111111101011
011111010101011101010101111101011111110101011101110101111111010111111111010111111101010111111101010
011111010101011101010101111101011111110101011111110101011111010111111111010111111101010111111101010
111111010101011101010101111101011111110101011111110101011111010111111111010101110101010111111101011
111101010101011101010101110101010111110101011111010101111111010111111101010111110101010111110101011
111101010101011101010111110101011111110101011111010101111101010101111101010111110101010111110101011
111101010101011101010111110101011101110101011111010101111111010101111101010111110101010111110101011
111101010101011101010111110101011101110101011111010101111111010101111101010111110101010111110101011
111101010101011101010111110101011101110101011111010101111111010101111101010111110101010111111101011
111111010111011101010111111101011101110101011111110101011101010101111111010111111101011111110101010
111111010111011101010111111101011101110101011111110101111101010101111111010111111101011111110101010
011111010111011101010111111101011101110101011111110101011101010101111111010111111101011111110101011
011111010111011101010111011101011111110101011101110101011101010111111101010101111101010111111101111
011111010111011101011111011101011111110101011101110101011101010111111101010101111101010111111101011
011111010111011101010111011101010111110101011101110101111111010111111101010101111101011111111101011
011111010101011101010111011101011111110101011101110101111111010111111111010101111101010111111101010
011111010111111101010111011101011111010101011101110101111101010111111111010101111101011111111101010
111111010111011101010111011101011111110101111101010101111111010111111111010111111101010111111101011
111111010101011101010111011101010111110101111101010101011111010101111111010111111101010111111101011
111111010101111101010111011101010111010101111101110101011101010101111111010111111101010111111101011
011111010101011101010111011101010111010101111101110111011101010101111111010111111101010111111101011
011111010101111101010111011101010111010101111101010111011101010101111111010111111101010111111101111
111111010101111101010111111101010111010101011101110101011101010101111111010101111101010111111101111
011111010101111101010111011101010111010101011101110101011101010111111111011101111101010111111101111
011111010101111101010111011101010111010101111101110101011101010111111111011101111101010111111101110
011111010101111101010111111101010111110101111101110101011101010111111111011101111101010111111101110
011111010101011101010111011101010111110101111101010111011111010111111111011101111101011111111101110
011111010101011101010111011101110101110101111101110111011111010111111111011101111101011111111101111
011111011101011101010111011101110101110101011101010111111111010111111111011111111101011111111101111
011111011101011101010111011101010111110101011101110101111111010111111111010111111101010111111101010
011111011101011101010111011101010111110101011101010101111111010111111111010111111101011111111101010
011111010101011101010111011101011111110101011101010101111111010111111111010111111101011111111101010
111111010101011101010111011101011111110101011101010101111111010111111111010101111101010111111101011
111111010111011101010111011101011111010101011101010101111111010111111111010101111101010111111101011
100000000010000000001000000000101010000000101010000000101000000010100000001000100000000010100000001
100000000010000000001010000000101010000000101010000000101000000000101000001010100000001010100000001
110111010111111101011111011101011111010101111111010101111101010101111101010111111101011111111101011
110111010111011101011111111101011111010101111111010101111111010111111101010111111101011111111101011
110111010111011101011111111101011111010101111111010101111111010101111101010111111101011111111101011
110111010111011101011111011101011111110101111111010101111111010101111101010111111101010111111101011
110111010111011101011111011101011111110101111111010101111111010101111111011111111101010111111101011
110111010111010101011111011101011111110101111111010101111111010101111111010111111101010111111101011
100000000010100000001010000000101010000000101010000000101010000000101010000010101000001010101000001
100000000010100000001010100000101010000000101010000000001000000000101010000010101000001010101000001
100000000010000000001010100000101010000000101010000000001000000000101000000010101000001010101000001
110101010111110101010111110101111111010101111111010101011111010111111111010101111101011111111101011
100000000000100000001010100000101010000000101000000000101000000010101010000000101000001010101000001
000000000000100000001010100000101010000000101000000000101000000010101010000010101000001010101000001
110111010101110101010111111101011111010101011111110101111111010111111111010111111101011111111101010
110111010101110101010111110101011111010101011111110101111111010111011111010111111101011111111101010
110111010101110101010111110101011111010101011111110101111111010111011111011111111101011111111101010
111111010101110101010111110101011111010101011111010101111111010111011111010111111101011111111101010
111111010101110101010111110101011111010101111111010101111111010111011111011111111101010111111101010
111111010101110101010111110101111111010101111111010101111111010111011111011111111101010111111101010
111111010101110101010111110101111111010101111111010101111111010111011111011111111101010111111101010
111111010101110101010111110101111111110101111111010101111111010111011111011111111101010111111101010
111111010101110101010111110101010111110101111111010101111111010111111111011111111101010111011101010
110111010101110101010111110101110111110101111111010111011111010111111111011101111101010111011101010
110111010101110101010111110101110111110101111111010111011111010111111111011101111101010111011101010
110111010101110101010111110101110111110101111111010111011111010101111111011101111101010111011101010
111111010101110101010111110101110111010101111111010111011111010101111111011101111101010111011101010
111111010101110101010111110101110111010101111111010111011111010101111111011101111101010111111101110
111111010101110101010111111101010111010101111111010111011111010101111111011101111101010111111101110
111111010101110101010111110101010111110101111111010111011111010101111111011101111101010111011101111
111111010101110101010111110101010111110101111111010111011111010101111111011101111101010111011101111
110111010101110101010111110101010111110101111111010101011111010101111111011101111101010111011101111
110111010101111101010111110101010111110101111111010101011111010101111111011101111101010111111101111
110111010101111101010111110101010111110101111111110111011111010101111111011101111101010111111101111
111111010101110101010111111101010111110101111111110111011111010101111111011101111101010101111101111
111111010101110101010111111101010111110101111111110111011111010101111111011101111101010101111101111
111111010101110101010111111101010111110101111111110111011111010101111111011101111101010101111101111
111101010101111101010111110101010111110101011111110111011111010101111111011111111101010101111101111
111101010101111101010111110101010111110101011111110111011111010101111111011111111101010101111101111
111101010101111101011111110101010111110101011111110111011111010101011111011111111101010101111101111
101000000000100000001010101000100010100000001010100010001010000000001010001010101000000000101000101
111111010101111101011111111101110111110101011111110111011111010101011111011111111101010101011101111
101000001000100000001010101000100010100000101010100010001010000000001010001010101000000000001000100
101000001000100000001010101000100010100000101010100010001010000000001010001010101000000000001000100
100000001000100000000010101000100010100000101010100010101010000000001010001010101000000000001000101
111101010101111101010111110101110111110101011111110111011111010111011111011111111101010101011101111
111101010101111101010111110101110111110101011111110111011111010111011111011111111101010101011101111
111111010101111101010111110101110111110101011111110111011111010111011111011111111101010101011101111
111101010101111101010111110101010111110101111111110101011111010111011111011111111101010101011101111
111101010101111101010111110101010111110101111111110101011111010101011111011111111101011101011101111
111101010101111101010111110101010111110101011111110111011111010101011111011111111101011101011101111
111101010101111101010111110101010111110101011111110101011111010101011111011111111101011101111101111
111101010101111101010111110101010111110101011111110101011111010101011111011111111101011101111101111
111101010101111101010111110101010111110101011111110101111111010101011111011111111101011101111101111
111101010101111101010111110101010111110101011111110111111111010101011111011111111101011101111101111
101000000010100000000010100000001010100000001010100010101010000000001010001010101000000000001000101
111101010111111101010111110101011111110101011111110111111111010101011111011101011101010101011101111
101000000010101000000010101000001010100000100010100010101010000000001010001000001000001000001000101
101000000010101000000010101000001010100000100010100010101010000000001010001000001000000000001000101
111101010111111101010111111101011111110101110111110111111111010101011111011101011101010101011101111
111101010111111101010111111101111111110101110111110111110111010101011111011101011101010101011101110
111101010111111101010111111101111111110101110111110111110111010101010111011101011101010101011101110
111101010111111101010111111101111111110101110111110111110111010101010111011101011101010101011101010
111101010111111101010101111101111111110101110111110111110111010101010111011101011101010101011101010
111111010101111101010101111101111111110101110111110111110111010101010111011101011101011101011101010
111111010101111101010101111101110101110101110111110111110111010101010111011101011101011101011101010
111111010101111101010101111101110101110101110111110111110111010101010111011101010101011101011101010
111111010101111101010101111101110101110101110111110111110111010101010111011101010101011101011101010
011111010101111101010101111101110101110101110101110111110111010101010111011101010101011101011101010
011111010101111101010101111101110101110101110101110111110111010101010111011101010101010101011101010
011111010101011101010101111101110101110101110101110111110111010101010111011101010101010101011101010
011111010101011101010101111101110101110101110101110111110111010101010111011101010101010101011101010
011111010101011101010101111101110101110101110101110111110111010101010111011101010101010101011101010
011111010101011101010101111101110101110101010101110111110111010101010111011101010101010101011101010
011111010101011101010101111101110101110101010101110111110101010101010111011101010101010101010101010
011111010101011101010101111101110101110101010101110111110101010101010111011101010101010101010101010
011111010101011101010101011101110101110101010101110111110101010101010111010101010101010101010101010
011111010101011101010101011101110101110101010101110111110101010101010111010101010101010101010101010
011111010101011101010101011101110101110101010101110111110101010101010111010101010101010101010101010
011111010101011101010101011101110101110101010101110111110101010101010111010101010101010101010101010
011111010101011101010101011101110101110101010101110111110101010101010111010101010101010101010101010
011111010101011101010101011101010101110101010101110111110101010101010111010101010101010101010101010
010111010101011101010101011101010101010101010101110111110101010101010101010101010101010101010101010
010111010101011101010101011101010101010101010101110111010101010101010101010101010101010101010101010
010111010101011101010101011101010101010101010101110111010101010101010101010101010101010101010101010
010111010101011101010101011101010101010101010101110111010101010101010101010111010101010101010101010
010111010101011101010101011101010101010101010101110101010101010101010101010101010101010101010101010
010111010101011101010101011101010101010101010101110101010101010101010101010101010101010101010101010
010111010101010101010101011101010101010101010101010101010101010101010101010101010101010101010101010
010111010101010101010101011101010101010101010101010101010101010101010101010101010101010101010101010
010111010101010101010101011101010101010101010101010101010101010101010101010101010101010101010101010
010111010101010101010101011101010101010101010101010101010101010101010101010111010101010101010101010
010111010101010101010101011101010101010101010101010101010101010101010101010111010101010101010101010
010111010101010101010101011101110101010101010101010101010101010101010101010111010101010101010101010
010111010101010101010101011101110101010101010101010101010101010101010101010111010101010101010101010
010111010101010101010101011101110101010101010101010101010101010101010101010111010101010101010101010
010111010101010101010101010101110101010101010101010101010101010101010101010111010101010101010101010
010111011111010101011101010101110101010101010101010101010101010101010101010111010101010101011101011
010111011111010101011101010101111101010101010101010101110101010101010101010101010101010101011101010
010111011101010101010101010101111101010101010101010101010101010101010101010101010101010101011101010
010111010101110101010101010101110111010101010101010111111101010101010101010111110101010101011101011
010111010101110101010101010101010111010101010101010111011101010101010101011111110101010101011101111
010111010101010101010101010101011101010101010101010101110101010101010111011101010101010101011101110
010111010101010101010101010101010101010101010101010101010101010101010111010111010101010101011101110
010101010101010101010101010101010101010101010101010101010101010101010111010101010101010101011101110
010101010101010101010101010101010101010101010101010101010101010101010111010101010101010111011101010
010101010101010101010101010101010101010101010101010101010101010101010111010101010101011101011101010
010101010101010101010101010101010101010101010101010101010101010101010111010101010101010101011101010
010101010101010101010101010101010101010101010101010101010101010101010111010101010101010101011101010
010101010111010101010101010101010101010101010101010101010101010101010111010101010101010101011101010
010101010111010101010101010101010101010101010101010101010101010101010111010101010101010101011101010
010101010101010101010101010101010101010101010101010101010101010101010111010101010101010101011101010
010101010101010101010101010101010101010101110101010101110101010101010111010101010101010101011101010
110101010101010101010111010101010101010101110101010101010101010111010111010111010101010101011101010
010101010101010101010101010101010101010101110101010101010101010111110111010101010101010111011101010
110101010101010101011111010101010101010101111101010101010101010101110111010101010101011111011101011
010101010101010101011101010101010101010101011101010101010101010111110111010101010101011111011101010
010101010101010101010101010101010101010101110101010101010101010101010111010101010101010101011101010
010101010101010101010101010101010101010101010101010101010101010111010111010101010101010101011101010
010101010101010101011101010101010101010101110101110111010101010111010111010101010101011101011101010
010101010111010101010101010101010101010101010101110111010101010111010111010101010101011101011101010
010101010101010101011101010101010101010101010101010101110101010101010111010101010101010101011101110
010101010101011101010101010101010101110101010101010101010111010101010101010111011101010101011101011
010101010101010101010101010101010101010101010101010111010101010101010111011101010101011101011101111
110101010101010101010111010101010101010101011101110101010101010101110111011101010101010111011101010
010101010101010101010101010101010101010101110101110101010101010111010111010111010101010111011101110
010101010101011101010101010101010101110101010101110101010111010101010101010101011101011101010101010
010101010101011101010101010101010101110101110101110101010111010101010101010101011101010101010101010
010101010111011101010101010101011101110101010101110101010111010111010101010101011101010101010101010
010101010101011101010101010101010101110101010101110101010111010101010111010101011101011101010101010
010101010101011101011101010101010101110101110101110101010111010111010101010101011101011101010101010
010101010101011101010101010101010101110101010101110101010111010101010101010101011101011101010101110
010101010101011101110101010101010101110101010101110101010111010101010101010101011101010101010101010
010101010101011101110101010101010101110111010101010101010111010101010101010101011101110101010101010
010101010101011101010101010101010101110111010101010101010111010101010101010101011101010101010101010
010101010111011101010101010101011101110101010101010101110111010101010101010101011101010101010101011
010101010101011101010101010101010101110101010101110101110111010101010111010111011101010101010101011
010101010101011101010101010101110101110101010101110101010111010101010111010101011101010101010101010
010101010101011101010101011101010101110101010101110101010111010101010111010101011101110101010101010
010101010101011101010101011101010101110101010101110101010111010101010111010101011101010101011101010
010101010101011101010101011101010101110101010101110101110111010101010101011101011101010101010101010
010101010101011101010101011101010101110101010101010101010111010101010101010101011101010101010101010
010101010101011101011101011101010101110101010101110101010111010101010111011101011101010101011101010
010101011101011101010101011101010101110101010101110101010111010101010111010111011101010101011101010
010101011111011101010101011101110101110101010101110101110111010111010111010111011101010101011101010
010101010111011101010101010101011101110101010101010101010111010101010101010101011101010101010101110
010101010101011101010101010101010101110101010101010111010111010101010101010101011101010101010101110
010101010101011101010101010101110101110101010101010101010111010101010101011101011101010101010101010
011101010101011101010101110101110101110101010111010101010111010101011101010101011101010101110101010
010101010101011101010101010101010101110101110101010111010111010101010101011101011101010101010101010
010101010101011101110101010101010101110111010101010101010111011111010101010101011101110101010101110
010101010101011101010101010101010101110101010111010101010111010101011101010101011101110101010101010
011101010101011101110101110101010101110101010111010101010111011101011101010101011101010101110101010
011101010101011101010101110101110101110101010111010101010111010101011101010101011101110101110101010
011101010111011101010101110101010101110101010111010101010111010101011101011101011101010101110101110
011101010111011101010101110101111101110101010111010101010111010101011101010101011101010101110101010
011101010101011101010101110101010101110101010111010101010111010101011101010111011101010101110101111
011101011101011101010101110101110101110101010111010111110111010101011101011101011101010101110101010
011101010101011101010101110101010101110101010111010101010111010101011101010111011101110101110101010
011101010101011101011101110101010101110101010111011101010111010101011101010101011101010101110101010
011101110101011101010101110101010101110101010111010101110111010111011101010101011101010101110101011
011101010101011101010101110101010101110101010111010101110111010101011101010111011101011101110101011
011101010111011101010101110101010101110101110111011101010111010101011101010101011101010101110101010
011101010101011101010101110101010101110101010111010101010111010101011101010101011101010101110101010
011101010111011101010101110101011101110101010111010101010111010111011101010111011101010101110101010
011101010101110101010101110101010111010101010111010101111101010101011101110111110101010101110101011
011101010101010101010101110101010101010101010111010111110101010101011101010111010101010101110101011
011101010111010101010101110101011101010101010111010101010101011101011101011101010101110101110101110
011101010101110101010101110101010111010101010111010101011101010101011101010101110101010101110101110
011101010101110101010101110101010111010101010111010101011101011101011101010101110101010101110101010
011101011111110101110101110101010111010111010111010101111101010101011101010111110101110101110101010
011101010101110101010101110101011111010101010111010111011101011101011101010101110101010101110101010
011101010101110101010101110111010111010101010111011101111101010101011101111101110101110101110101110
011101010111110101010101110101011111010101010111010101111101010101011101110111110101010101110111011
011101010101110101111101110101010111010101010111011101011101010101011101110101110101010101110101010
011101010101110101010101110111010111010101110111010101011101011111011101010101110101110101110101010
011101010101110101110101110101010111010101010111010101011101010101011101010101110101011101110101010
011101010101110101110101110101010111010111010111010101011101010101011101010101110101010101110101010
011101010101110101010101110101010111010101010111010101011101010101011101010101110101010101110101010
011101010101110101010101110111010111010101010111010101011101010111011101010101110101010101110101010
011101010101110101010101110101010111010101010111010101011101010111011101010101110101010101110101010
011101010101110101011101110101110111010101110111010111011101010101011101011101110101010101110101110
111101010101110101011111110101010111010101111111010111111101110111111101010101110101010111110101011
011101010111110101010101110101011111010101010111010101111101010101011101010111110101010101110101010
110101010111110101010111010101011111010101011101010101111101010101110101011111110101010111010101111
110101010111110101011111010101011111010101111101010101011101010111110101010101110101011111010101011
110101010111110111011111010101011111010101111101010101111101010111110101010111110101011111010101011
110101010111110101010111010101011111010101011101011101111101010101110101110111110101010111010101011
110101110111110101110111010101010111010111011101010101111101010111110101010101110101110111010101010
110101010101110101010111010101010111010101011101010101011101010101110101110101110101010111010101010
110101110101110101010111010111010111010101011101010101011101010101110101010101110101010111010101010
110101110111110101011111010111010111011101111101011101011101010111110101010101110111011111010101010
110101010101110111010111010101010111011101011101110101011101110101110101110101110111010111010111110
110101111101110111010111010101110111011101011101010111011101010101110111010101110111010111010101010
110101010101110101010111010101010111010101011101011101011101010101110111011101110111110111010101010
110101010111110101011111010101010111010101011101010101011101010101110101010101110111010111111101110
110101010101010101011111011101010101010111011101110101110101011101111111010111010101110111111101110
110101010111010101011111010101111101010101111101010101110101010101110101010101010101011111011101011
110101011101010101011111010101010101010101111101010101010101010111110101011101110101010111010101111
110101010101010101011111010101110101010101111101010111110101010111110101011111110101011111010101111
110101010101110101010111010111010111010101011101010101011101010101110101011101110101010111011101011
110111010101110101010111011101010111010101011101011101011111010101110111010101110101010111011101010
110111010101111111110111011101010111010101011101110101011101010101110111010101010101011111011101011
110101010101111101010111011101010111010101011101011101011101010101110101011111110111010111011101011
110101110101010101110111011101010111110101011101110101111101011101110111010111110101111111010101011
110101010101111101010111011101010111110111111101110101011111011101110111010101011101110111010101010
110111010101010101011111010101010101010101111101110111010101010101110111010101010101110111010101110
110101111101010101010111010101110101010101011101010111010101010101110111011101010101011111010101010
110101010111010101011111010101111101010101111111010101110101010111110111010111010101011111011101111
110101010111010101010111110101011101010101011111010111111101010111110101011111110101011111110101010
110101011111010101011111110101111101010101111101010111110101010111111101011111010101010111110101010
111101010111011101110111111101011101010111011101110101110101011101111101010111010101110111011101011
110101010111010101011111010101011101010101011111010101010101010111110111010111011101010111010101111
110101010101011111010111010101110101110111011111110111110111010101111111010111011111010111010101011
110111011111011111010111011101111101111101011111010101110101011101111101010111010101110111010101011
110111011101010101010111011101010101011101011101010101010101110101010101010101010101110111110101110
101010001000000010001010101000000010101000001010100000001000100000101000000000100000000000101000000
110101110111111111010111010101011101011111011101010111110101011101110101011101010101110111010101010
110101110101111111010111010101010111110101011101010101110101110101110101010111010101010101010101010
010101011101110101110101010101110101011101110101011111010101110111110101011101011111011111010101110
110101010111110101011101010101011111010101110111010101111111011111011111010101010101111111011101010
110101010111011101011111111101011111010101111111110101111101010111111101010111110101011111110101011
111111010111110101011111010111011101010101111101011101110101010111110101010111010111011111011101011
111111010111010101010111011101011101010101011101110101111111110101110111010111011101010111011101011
111111110111010101010101110101011101011101111101010101110101010101110101010111110101111111011101011
110101011111010111010101110101111111010101010101010111111101010101111101011111110101010111110101111
101000001010001010001000000000101000101000100000000010100010100010100000001010001010001010001000101
101000001010000000001000101000101000000000100010000010100010000010001010001010000000001010101000101
010101010111111101011111010101011101111101110101110101110101110111010101010111111111111111011101011
101000000000101000001010101000100000100000101010000000000010000010101010000000101010001010100000101
100000000000001000101000100000100000001010101010100010100010101010101000001010001000101010101000101
101010001010101000101010101000101010100010101010100010101010000010101010001010101000101010101000101
101010101000101000001010101010101010100000101010100010101010001010101010001010101000001010100000101
101000001010101000001010100000101010100000101010000000101010000010001000001010101000001010100000101
101000001000101000001010100010100010100000101010000010101010000010101000101010101000000010101010101
101010101010101000101010101010101010100010000010101010101010001000101010101010100000100010101010001
101000101010100000101010100000101010100010001000000010101010001000100000001010101000100010100000101
101000001010100010001010100000101010101000101010001010101010000010101000101010101000101010100000101
101010101010100000101010101000101010000000101010000010101000000010101010001010100000001010100000101
101010000010101010101010101000001010101010101010100000101010101010101000000010101010101010100000000
101000101010101010101010100010001010001000001010001000101000000010101000100010100000101010100010101
100010001010100000101010000000101010000010101000000010101010001010100000101010100010101010000010101
101010101010101000001010101010101010100000101000100010101010000010100010001010101000001010101010100
100010100000100010000010001010100010001000001000001010001000100000100000101010100010000010000010101
101000101010000010101010000010100000000010101000001000101000101010100000100010100010001010000010100
100010001010100000000010001000100010001010001000100010000000101010100010101000001010101010001010101
100010001010101010100000001000101000101010000000000010100010101010100000101010101010100010000010101
100010101000101010001010000010100000101000101000101010100000100010100000101010001010001010001010101
101010001010000000001000101010101000001000100010101000100000100010001010101010000010001010101010101
001010100010001000001000101010101000101000101010101010100010101010001010101010101010101010101010101
000010000010001010001000001000101000101000100000100010101010101010000010001010101010101000001000101
000010101010101010001000001010001010101010100010101000101010101010100010001010101010101010001000101
101010001000001010101010101000100000101010101010101010100010101000101010001000001010101010101000101
101000101000101000100010101010101010101000001010101010001010101010101010101010101010101010101010101
001010100010101010100000101010101010101010000010101000101010001000001010101010101000100010101000101
000000100010101010100010001000001010101010001010101000101010101000101010001010101010100010101010101
101010001010001000101010101010101000100000101010100010001010101010101010101000101000101010100010100
101010101010101010001010101010101010100000101010101010100010101010101010100010000010101000100010101
101010101010101010001010101000101010101000001010001010001010100000101000101010101010000010100010101
101010001010100010001010101000101010101000100000100010101010100010001010001000101010101000101010101
101010101010101010101000101010101010001010100000101010101000101010001010101010101010100000101000101
001010001010101010101000101000101000101010000010100010101000101010001010101000101010101000101010100
101010100000101000101010101010001010101010101010101000101000101010100010000010100010101010101000101
101010101000101010101010101010101010101010101010101010100000101010101010101010100010101010101010001
001010100010101000101000101010001010101010100010101000101010100010101010100010101010001010001010001
101010101010101000100010101010101010100010001010101010101010001000101010100000101010000010001010100
101000101010101000101010100010101010101010101010101010101010100000101010101000101010000010001010100
100000101010101010001010000010101010101010101000001010101010001010100000101010101010101010001010101
101000101010101010101010100010100010101010101010101010001010101010101010101000101010101010101010100
101010101000100010101010100010100000001010100010001010000010101010101010101000101000101010101010100
101000101010001010101010101010101010101010101010001010100010101010101010101010101010101010101010101
001000101010001000101000100010101000101010101010001010101010101010101000101010101010101010100010101
101010100010001010101010101010101010001010101010101010100010101010100010100010101010101010101010100
101010001010101010101010101000101000101010101010100000100010001010100010001010101010101010001000100
101000101010101010101010100010101000001010101010001010100000101010100000101010100000101010000010101
001010100010100010101000101010001010000010100010101010101000001010001010101010000000101000101010101
001000101010100010101000101010101010101010100010101010101010101010001010101010101010101010101010101
001010001010101010101000001000101010001010101010101010101000101010101010101010100010101010100010101
101010101010101010101010101010001010101010101010101010101010101010001010101010101010001010101010101
100010101000101010001010001010100010101000101010100010001010100010101010101000101010101010001010100
100010101010101010101010101010101010101010101000101010101010101010100010001010101010101010001010101
101010100000101010101010101010000010101010101010101010001010101010101010101000101010101000101000100
001010000000001010001000101010000010101010101010101000001010101010101010100000001010001010101010100
101010000000101010001010101000000010101000101010100010001010101000101010000000101010001010101000000
100010101000001000000010101010100010101000001010101010001010001000101010101000101010100010101010100
001010101000101000000010101010100010100000000010101010001010000000101010101000101010000000101000100
011101010101111101010101110101010111110101011111110101011111010101011111010101111101010111111101010
101000100000101010100010100000000000100010001010000000001010101000101010000000101010100010101000000
001000000000101010100000100000100010101010001010000000001010101000101000000000101010100000100000000
111101010101110111010111110101010111010101011111010101011111011101111101010101111101010111110101010
101000100000100000100010100010000010000010001010001000001000001000101010100000101000100010101010000
101000100000100000000010101010000010000000001010001000001000000000101000100000100000000010101010000
100010100000000000000010001010000010000000001000001000001000001000101000100000100000100010101010000
110101010111111101111111010101011111110111111101010101111101011111110101010111111101111111010101011
101000000000100010000010100000000010001000001010000000001000100000101000000000101010000010100000000
111101110101110111010111010111010101011101011101011101010111110101110101110101111111010111010111010
101000000000001010000010100000000000001000001000000000000010100000100000000000000010000010000010000
101000000000100000001010100000000000000000101010000000000000000010100000000000000000001010100000000
101010000000100000000010101000000010001000001010100000001010100000101010000000100010000010101000000
110111111111110111011101011111111111011101110101111111111101110111011111111111110101011111011111111
010111111111110111111101011111111101011111110101111111110101111111011111111111010111011111011111111
011111111111010111111101011111111101011111110101111111110101110111010111111111010111111101011111111
010111111101010101111101011111110101010101111101111111111101011111010111111101010101111101011111111
110111110111110111011111010111011111011111111101011101011101111111110101111101110111111101010111110
110101010101011101010111010101010101110101011101110101010111010101110111010101011101010111011101010
110101111101111111111111010111110111111111110101011111011111111111010101111101111111111101010111110
100000000000001000000010000000000000100000001000000000001010000000100000000000101000000000000000000
100000000000001000000010000000000010100000001000000000000010000000000000000000101000000000000000000
010111111101011111111101011111110101111111111101111111010111111111010111111101011111111101011101111
100000000000001000100010000000000000100010001000000000000000001000100000000000000000100010000000000
010111111111011111111101011111111101111101110101111111111101110111010111011111110111111101011111111
111111111101010111111101111111111101011111110111110111110101111111011111111101011111110101111111110
011111111111010111111101111101111101011111010111111111110101111111011111111101010111111101111111110
101000000000000000000000100000000000000000000010000000000000000000101000000000000000000010100000000
101000000000000000000010100000000000000000000010000000000000000000101000000010000000000000100000001
101000000000000000000000100000001000000000000010000000100000000000001000000010000000000000100000001
011101010101010101010101110101010101010101010111010101110101010101011101010111010101010111110101011
011101010101010101010101110101010101010101010111010101110101010101011101010111010101010101110101011
110111011101011111111111011101110101111111111101110111110101111111110111011111010111111101011101111
011111111101011111111101111111110101111111110111111111110101111111010111111111010101111101011111111
000000100010100000000000000010000010000000000000001000101000000000000000100000100000000000000010001
000000000010100000000000000000001010000000001010000000101000000000001000000010100000000000100000001
010111111111111111111101011111110111111111110101111111011111011101011111111101111111110101111111110
010111111101111111110101011111110111111111010101111111011111011101010111111101111111111101111111110
010111111101111111111101011111110111111111110101111111011111111111010111111111111111110101011111111
010111110111110111111101011111111111010111010101111101111111111101010111110111111111110101011111111
000000000010100000000000000000001010000000000000000000101000000000000000000010100000000000000000001
000000000010100000000000000000001010000000000000000000101000000000000000000010100000000000000000001
000000000010100000000000000000001010000000000000000000101000000000000000000010100000000000000000001
000000000010100000000000000000001010000000000000000000101000000000000000000010100000000000000000000
000000000010100000000000000000001010000000000000000000101000000000000000000010100000001000000000001
000000000010100000000000000000001010000000000000000000101000000010000000000010100000001000000000001
000000000000100000000000000000000010000000000000000000001000000010000000000010100000001000000000001
000000000010100000000000000000001010000000000000000000101000000010000000000010100000001000000000001
000000000010100000000000000000001010000000000000000000101000000000000000000010100000001000000000001
000000000010100000000000000000001010000000000000000000101000000010000000000010100000001000000000001
000000000010100000000000000000001010000000000000000000101000000010000000000010100000001000000000001
000000000010100000000000000000001010000000000000000000101000000010000000000010100000001000000000001
000000000010100000000000000000001010000000000000000000101000000010000000000010100000001000000000001
000000000010100000000000000000001010000000000000000000101000000000000000000010100000001000000000001
000000000010100000000000000000001010000000000000000000101000000000000000000010100000001000000000001
000000000010100000000000000000001010000000000000000000101000000000000000000010100000001000000000001
0.6745159958458573 0.3997038943259694 0.6206971630422727 
0.67255017391643 0.4019007543613131 0.6214113349535775 
0.6694148615609309 0.4042836572333675 0.6232483193843148 
0.6665561046109956 0.4032744773126086 0.6269550664553704 
0.6670011785567508 0.4008163181736493 0.628057088877775 
0.6648152544602827 0.3966928253156808 0.6329735221792236 
0.6629419939232775 0.38965762087759437 0.6392768189016726 
0.658889182350072 0.3864575931712321 0.6453801779279807 
0.654677329418347 0.3786601203284972 0.6542278713250217 
0.6565193523559849 0.37450537827784036 0.6547732902486552 
0.658127020493485 0.37319908083048087 0.653904634456472 
0.6626454757775204 0.3734227772105677 0.6491967366614919 
0.6689528812696932 0.37473133538414877 0.641933383554858 
0.6728408297294469 0.37345882083888726 0.6386029494033184 
0.6780597829606595 0.37094835591457875 0.6345330944683771 
0.6840764446490057 0.3757965870606806 0.6251530556831022 
0.6867954539698424 0.36954998453436727 0.6258952095494955 
0.6901478413797668 0.36431097158400394 0.6252787162716859 
0.6905063657948404 0.3616788295059397 0.626409916176313 
0.6919175294657591 0.35410538638999217 0.6291736705772062 
0.6973340278239675 0.3414643405127112 0.6301804168625216 
0.69851206543575 0.33526278430666356 0.6322023093121586 
0.6978439662254659 0.3275309674410192 0.6369750891281862 
0.7015582121211877 0.3159552470648483 0.6387396628185175 
0.7043561648682393 0.3094661176154651 0.6388373150185551 
0.7065310701149008 0.2976397523302309 0.6420470580846019 
0.7124671803446495 0.3127288127070769 0.6281649517718787 
0.7171739215150833 0.3070301171667324 0.6256149562240818 
0.7167554408395321 0.30707860258311287 0.626070578978545 
0.7166457105998754 0.3016190027109841 0.6288441004592722 
0.7116197938957328 0.32173594570153174 0.6245664497708279 
0.7085250636404221 0.3222040917942705 0.6278349762671439 
0.7003670231348017 0.33055748158452314 0.6326276821905548 
0.6936688577857963 0.33798384203408394 0.636074239583736 
0.6924690899935221 0.3440098108904039 0.634148097383168 
0.6903668166320952 0.3507890990253489 0.6327247952295302 
0.6862898970152689 0.35400459355433567 0.6353636163624741 
0.6830594536858814 0.3611978508276158 0.6347959477563293 
0.6834815938961321 0.36226711299512115 0.6337313702566593 
0.6894694007293658 0.3593892970941386 0.6288650718493356 
0.6945092445882941 0.35609839926979175 0.6251806452689409 
0.6950855388981564 0.35586501920141983 0.6246728597621579 
0.6946325508276114 0.3546033241533979 0.6258930434427962 
0.6927811372433095 0.3553410371115565 0.6275245359540536 
0.6947287846647209 0.3526906738741261 0.6268661773620384 
0.693839721412025 0.3567161203256151 0.6255717788477393 
0.6952014836405627 0.3547887206514195 0.6251558692378162 
0.6955188924497906 0.35479857594511793 0.624797119673845 
0.6976852969168233 0.3504681659205378 0.6248258086397986 
0.696824315500675 0.34950937596786397 0.6263218577038246 
0.6965851998154537 0.3456800551461086 0.6287084848101288 
0.694535353854106 0.34412859925239386 0.6318197127530424 
0.6922889067926771 0.3381565677522136 0.6374842784083719 
0.6903209712624497 0.33650125252018487 0.6404872080593138 
0.6972746534695161 0.3327315749886331 0.6348998004681919 
0.6967634256464149 0.32660990507595006 0.638628764297187 
0.6973671127708536 0.3242409766951873 0.6391767353849752 
0.6974038635279608 0.32088793448461095 0.6408266416422413 
0.694454184037301 0.3195268061460854 0.6446983840736444 
0.692556380888397 0.3177078684121774 0.6476321252375887 
0.6947844232152985 0.37315447806479146 0.6148417200854037 
0.6951775071701551 0.37356017488955756 0.6141506568108284 
0.6977836964446681 0.3727287672003076 0.611695331907441 
0.7015782334645853 0.37311884721806543 0.6070999161417947 
0.7058972352105125 0.3735629927430879 0.6017971284203522 
0.7080858662744112 0.3760741882426931 0.5976475641379426 
0.7083477214504786 0.37586339131694674 0.5974698457526028 
0.7059617604164583 0.37567890804149306 0.6004026572912935 
0.7034944218956243 0.3815427771229634 0.5996004566267756 
0.7046311003635508 0.37779994627663543 0.6006348416415942 
0.7043842994237905 0.37674169205442953 0.6015882779719209 
0.7047770671068173 0.3740442508577123 0.6028102388651055 
0.7068110502709152 0.3664431121424223 0.6050930381175293 
0.707597745137351 0.3625894716744068 0.6064934510012543 
0.7068493864828319 0.36138660822004565 0.6080819551902978 
0.7061575195887348 0.359401004281943 0.6100594033775862 
0.7065830463702986 0.35858771501287395 0.610045284568215 
0.7084526229043295 0.35462244543822563 0.6101948887784856 
0.7089269516660335 0.350910019268366 0.6117881459938403 
0.7109426073130417 0.34495284276110444 0.6128361488831799 
0.7103472148927114 0.3429653887626481 0.6146393872874188 
0.7106653214027 0.3414522216736753 0.6151139579538968 
0.7125886175567108 0.3360495676390138 0.615863743224301 
0.7105503777107222 0.33577532581703323 0.618363235734156 
0.7137433734077323 0.3287646519018331 0.6184530706338331 
0.7141643887870828 0.3241293195993427 0.6204106784738957 
0.7166249603998287 0.32179301851066716 0.6187874589628796 
0.7186587815872209 0.3182102290736519 0.6182813322108837 
0.7216413677436934 0.3145248328131671 0.6166910619628445 
0.7238982585549193 0.31149610779257464 0.6155822334109651 
0.7301861215806789 0.3132579059670126 0.6072048354551606 
0.7303304702593948 0.30864576067467786 0.6093892012730786 
0.7336619631217194 0.30405047465066076 0.6076951807716537 
0.7336613422858439 0.30136892335590615 0.6090302183559005 
0.7382128066248559 0.29869245799817573 0.6048344134307019 
0.740630658698662 0.2950556113234888 0.6036624997646517 
0.7425628136993583 0.29624884289109976 0.6006971706247471 
0.7482865701006663 0.2968903734935041 0.5932312492897421 
0.7561622139583034 0.29632947916932706 0.5834445525985416 
0.7521672690959474 0.2946238644280809 0.5894414116858505 
0.7481531581342963 0.2994391831486375 0.5921174102903538 
0.7441576163359818 0.30513040014508425 0.5942431160362317 
0.737317977925394 0.3087686567907908 0.6008528239191517 
0.7276990334731935 0.31693248667186347 0.6082827595569096 
0.7243855925840179 0.3143160344916815 0.6135722807608941 
0.7278411103693423 0.31177608268505136 0.6107724554381009 
0.7250232452058286 0.31624984970360853 0.6118229535361138 
0.721887510165421 0.31831080363674685 0.6144563897912507 
0.7195048784913126 0.3201973943330241 0.6162680897868584 
0.7143470940175871 0.3302609660530098 0.6169569868073149 
0.7134523938077091 0.3308154106171043 0.6176947837470269 
0.707397563818979 0.3348799507628126 0.6224500825608988 
0.7064836158636857 0.33631984792208525 0.6227116992716916 
0.7083057521964213 0.3368612980547729 0.6203446036505155 
0.7078474311285017 0.33859576048617157 0.619923322053278 
0.7063299728644747 0.34679712623508496 0.61711402728212 
0.7057122732313759 0.3538878073072642 0.6137862879291623 
0.7134605930836924 0.3548577615131724 0.6041936371814309 
0.7103575716065531 0.35364442928712525 0.6085455924541925 
0.7100296877942053 0.35698811182638956 0.6069739125081838 
0.6986096742540292 0.38462462038195133 0.6033311068018281 
0.7001207659268689 0.3839479244903615 0.6020090567404429 
0.7003755924262187 0.3842094608051878 0.6015456090450747 
0.701018914700862 0.38052178809075327 0.6031381682664775 
0.7020458816966455 0.37730814971127896 0.6039620353583749 
0.702588412336006 0.37404130656267226 0.6053615645513512 
0.7027781540286764 0.3707697720381533 0.6071512516357204 
0.7032754276689622 0.36793978735217864 0.6082959688509136 
0.70298574493599 0.3680775703393343 0.6085474054088831 
0.7018355209509826 0.3669946923583937 0.6105258367278414 
0.7028601200764512 0.3638188696432468 0.6112474799110642 
0.7044920176231186 0.36167408098579806 0.6106413482956963 
0.7032782317551765 0.3624432537719121 0.6115836954453099 
0.7026130954923671 0.3629566400545029 0.6120435568511281 
0.7019173139198813 0.3622185219353651 0.6132779360016615 
0.7017465379296606 0.3641665567675554 0.6123189654386006 
0.7023893978601902 0.36214781730810897 0.6127789913113635 
0.7032485959020496 0.36043040911664126 0.6128061133391264 
0.7036035417977442 0.3582228081305186 0.613692492788331 
0.7032949983242448 0.35758017702288664 0.6144205093682839 
0.7032910002739082 0.35054026729419124 0.6184685035950033 
0.7026273304131598 0.347530604272156 0.6209165110147309 
0.7040613260715343 0.3423361586160894 0.6221765052092311 
0.702617811605465 0.34005649224295403 0.6250518321692728 
0.7010997375282537 0.34125925626536635 0.6261000543451684 
0.7003737704198456 0.34209545517063655 0.6264561287588177 
0.6989769045828053 0.3390997889845693 0.6296368953376706 
0.7004378669468971 0.3313354240200823 0.632142097424553 
0.698809659734904 0.3281994581228561 0.6355707475561246 
0.6976405953868922 0.32229652945766185 0.6398613496436313 
0.6958518199380928 0.3311641323029115 0.6372758917179466 
0.6958066759356136 0.32922302810026854 0.6383300615605706 
0.6933462535313988 0.32598356439086196 0.6426551862865515 
0.6952145356999202 0.3217069900740258 0.6427918495820052 
0.6953352901506856 0.3176461138760987 0.6446780441510896 
0.6939167600181613 0.3145538151239477 0.6477155452487354 
0.6935464015325872 0.31559155850878434 0.6476074097160994 
0.6926111757820148 0.3145366064245359 0.6491197750806792 
0.6942300601494868 0.3110743378521783 0.6490588416427809 
0.6936275083147165 0.3076648561522866 0.6513242019132337 
0.695619258023501 0.3073476967255362 0.6493467803757418 
0.6942941083097286 0.3055415367305789 0.6516134287280418 
0.6955250975745144 0.305885724405853 0.6501374948798666 
0.6954211086197091 0.30642914240498254 0.6499928171688375 
0.6983942095152029 0.30806283500123277 0.6460207564828223 
0.6991210939777999 0.31526203695720484 0.6417472586687677 
0.700000895759448 0.31502817183032417 0.6409024862560718 
0.6992028586862755 0.3128554068622168 0.642835015227093 
0.6971435889262563 0.31515314453346494 0.6439482214508305 
0.699547074133715 0.31337331764003373 0.6422079529733629 
0.6995369518981563 0.3112225622730573 0.6432639968638301 
0.7004435711445506 0.3081534452473326 0.6437548118845156 
0.6980296542756337 0.3054144401739858 0.647670148675273 
0.6990050484380637 0.3042436730298708 0.6471690116804059 
0.6984668922129381 0.3046674286692532 0.6475505836538684 
0.6984485096635393 0.3029897561143524 0.648357067547309 
0.6982134975236178 0.29560470069779415 0.6520090281592769 
0.700132117735574 0.2912961995718614 0.6518907437831055 
0.7011751921731358 0.2844061925955151 0.6538091980802113 
0.701589206345783 0.27913452537300415 0.6556344273174511 
0.7596382627871034 0.24364260824056255 0.6029825778242082 
0.7596710043531554 0.2382649076556627 0.6050866044831158 
0.7605406311122427 0.23307424764329004 0.6060151347226455 
0.7578461906964693 0.22715383961460497 0.6116128549950475 
0.7575768366930867 0.22369010861290284 0.6132210627619081 
0.7582268335711118 0.22202699771700304 0.6130220886212009 
0.7579541595499686 0.2141009000498113 0.6161706716639161 
0.7595655892575506 0.2113172484881923 0.615146434686254 
0.7588651594053399 0.20444426498453075 0.6183253288970484 
0.755215013442522 0.2008867259985691 0.6239349379451252 
0.7527929098526107 0.19907993450201797 0.6274312827348598 
0.7517439407396231 0.19675746226245058 0.6294184209294341 
0.7523596056934038 0.19289877544677228 0.6298770405023522 
0.7524431022420395 0.18916557334546202 0.630908680990568 
0.7521700107461676 0.18680283229388236 0.6319374785381018 
0.7538939215794926 0.1881634401244424 0.6294747610556194 
0.7607105053140395 0.18382446007466793 0.6225175459239006 
0.7609734685945834 0.1836821850911571 0.6222380854425954 
0.7595237520336946 0.17875956056698797 0.6254348004409062 
0.7617761773134116 0.1749928584011733 0.6237584109143159 
0.7635687964636066 0.16979795095881234 0.6230018851635266 
0.7660940796291897 0.16946227523033172 0.6199858050236828 
0.7712659627359806 0.17394620087442028 0.6122838671125482 
0.7749430480517115 0.17145979175179368 0.6083295259057826 
0.7756176565998828 0.1695404442061097 0.6080076385613106 
0.7787575308852344 0.16624868741476803 0.6048951000152012 
0.7765526228829344 0.1621309863702236 0.6088345975322473 
0.7784388810424793 0.16076604337251085 0.6067843008678462 
0.7808213951187553 0.16253826895909063 0.6032406319608976 
0.7784857401019033 0.16000521526836467 0.606925270148571 
0.7891472194835923 0.15850438344066836 0.5933995503970394 
0.7885084010429402 0.15688436840263648 0.5946778930106715 
0.7891951700391608 0.15287558051126454 0.5948109283379079 
0.791415666696932 0.15147196758704673 0.5922140538200351 
0.7915865584346635 0.1481853181905726 0.5928168620900758 
0.7923196381308896 0.14643331893557565 0.5922726349728208 
0.7914934506110505 0.14884075397737656 0.5927769796434901 
0.7932535005524673 0.14789830590513067 0.5906563933215732 
0.793438875478297 0.14655675348530553 0.5907417954466936 
0.7930554673763892 0.1446678247664307 0.5917214261303763 
0.7924752490059056 0.14273930746679578 0.5929658251677979 
0.7926018896005282 0.13663373365151119 0.5942335125437809 
0.7928524142174429 0.13174484087794425 0.5950028119022779 
0.7956113467862409 0.1298282313188112 0.5917323847970577 
0.7957281170255286 0.121898077750029 0.5932601641909346 
0.7946948814449494 0.12355421799834079 0.5943016074519877 
0.7931850175759383 0.12291219620764043 0.5964479188633932 
0.7908707428468568 0.11936069180380876 0.6002303669100532 
0.7906939790757281 0.11457200640379663 0.6013952833220431 
0.7880612014624194 0.11335503469207324 0.6050703916566789 
0.7878977790006536 0.10892042641624587 0.6060968821526309 
0.7868152359572728 0.10636280186466972 0.6079545532726918 
0.7853462502487779 0.10209338707676456 0.6105802220309613 
0.7863528953363739 0.09961640461005265 0.6096931161893403 
0.7859287812484212 0.09887529180095739 0.6103602440171271 
0.782780574734355 0.09454077917258813 0.6150744775163351 
0.7781766938901171 0.09245998804295777 0.6212022083809289 
0.7717393355411943 0.09170579805290031 0.6292920185271036 
0.7671760016009427 0.09065099362461904 0.6349987243471121 
0.7649248967058934 0.09264041259121693 0.6374226669600065 
0.7848722341249681 0.14752770942037732 0.6018398051415824 
0.7869656470587915 0.1466780696053317 0.5993084466668155 
0.7883927032430933 0.1447266876458932 0.59790562077647 
0.791279610931428 0.14446855444942233 0.5941425873470967 
0.7908044491457532 0.14827772435510453 0.5938367112863211 
0.7916622749689737 0.14947099283388293 0.5923928297103218 
0.7921974322726991 0.1518523530694949 0.5910702929159947 
0.7955894238936086 0.15699429051094088 0.5851412319565271 
0.7972159445700151 0.1567324363868252 0.5829937230430429 
0.7992594326758128 0.15969710598774 0.5793800079549507 
0.7982565448422914 0.15957542185515453 0.5807944329590259 
0.8029522233400631 0.15649121644087122 0.5751332247489321 
0.8059999403066616 0.1502606957399962 0.5725258243445359 
0.8097617097611411 0.14728820710530258 0.567971968896722 
0.809878539213688 0.14746125945262417 0.5677604500859045 
0.811554317348948 0.15477506662169796 0.563404178849014 
0.8121435560360492 0.15201418038343814 0.5633067844003586 
0.8115009030984791 0.14990101649540022 0.5647972817958656 
0.8128918687150632 0.14585283404637545 0.5638561523807051 
0.8141452659335625 0.14116584765980192 0.5632403478200565 
0.8170786169656048 0.13952201717251586 0.5593890778534084 
0.8161508389732658 0.13693144292775214 0.5613800744424033 
0.8153638772566544 0.1378324034378342 0.5623023886020277 
0.8143006599052647 0.1374935069402863 0.5639237278454523 
0.814343619634222 0.13821421545796544 0.5636854617660213 
0.8147880659091201 0.13772918992155192 0.5631616800667711 
0.8147697421031691 0.13397931690908554 0.5640920226290301 
0.8153504346335182 0.13246760919614559 0.5636097952101171 
0.8138201216166102 0.13123678634879818 0.5661039794602805 
0.81339826631273 0.12922690707476855 0.56717163790808 
0.8357900110908926 0.10403062556228997 0.5391035951519931 
0.8361014000565032 0.10502348964541612 0.5384278182321695 
0.8368744379246599 0.10533165398863421 0.5371651680966508 
0.8362965074675669 0.10561916720246908 0.5380081255120658 
0.8356325542620932 0.1052442405296289 0.5391121257148198 
0.8340745277569355 0.10205926012291808 0.54212875737246 
0.8307172555107029 0.10400042206569601 0.5468937315483903 
0.8268421558409829 0.10225508430795054 0.5530605274808625 
0.823731451048946 0.10244316475161828 0.557648540344607 
0.8219835113594433 0.09965164602971867 0.5607251166986973 
0.819408591387532 0.09872921337806292 0.5646433412217394 
0.8212368479742986 0.09673892921231358 0.5623269681458409 
0.8211038654154074 0.09447631196889945 0.5629055592873746 
0.821201100808607 0.095151250345966 0.5626499725302859 
0.81943083592196 0.092818290914697 0.5656128269513632 
0.8216325281418675 0.09926085902119615 0.5613085341998441 
0.822728942378138 0.10291251362819616 0.5590403401473607 
0.8257874585390304 0.09966173738695053 0.5551059461225971 
0.8281083038416313 0.10064622301649237 0.551458951238486 
0.8298617560639937 0.10084492085191066 0.5487802545288563 
0.8303427586934067 0.09914431611990836 0.5483623871734263 
0.8315943159840852 0.094560133875008 0.5472744053073395 
0.83336618732578 0.0923979744982573 0.5449434944383796 
0.8347427211626456 0.08972163113424533 0.5432813436632922 
0.8353253306993068 0.08758352406411438 0.542734482232891 
0.8337692771717896 0.08733127876285025 0.5451623980008864 
0.8334216675395971 0.0849094819620028 0.5460757309645444 
0.832941417297257 0.084423641952252 0.5468832087661449 
0.8337501222666652 0.08253266555272747 0.5459387261745429 
0.832315816896103 0.08256196533034998 0.5481185116609024 
0.8498744463498294 0.1140272885702647 0.5145009260466733 
0.8490366635100504 0.11289287664311165 0.5161317103404561 
0.8462131346735451 0.11055692011215336 0.5212489790122256 
0.8431395806744277 0.10674183512054483 0.526993195530311 
0.8420198914396153 0.10203966881931387 0.5297078519403532 
0.8416941812329103 0.10254666468316086 0.5301274250979855 
0.8389097652264971 0.09953831884728497 0.5350911407308852 
0.8363842522364829 0.10108779147632474 0.5387417201454316 
0.8350746116112557 0.09986011996655397 0.5409975503480361 
0.8308452622070229 0.09776963285003147 0.5478478339470854 
0.8298053661743005 0.09400826101941352 0.5500777228069147 
0.8264355738741626 0.09342998432744684 0.5552252518247495 
0.8235221240007782 0.09403106270435607 0.559436743991612 
0.8223103796369401 0.09485448583225393 0.5610777718452677 
0.8206969988354841 0.09036878491353009 0.5641718876509901 
0.8188180313278158 0.09416079045100945 0.566278003381803 
0.8148881309045433 0.09422952086509806 0.5719074501249602 
0.8112503818910547 0.09713091169347245 0.5765747166458245 
0.8072789521516369 0.10142064691464796 0.5813901837770993 
0.8015911406147248 0.10509019590556819 0.5885640950759008 
0.7983933976596473 0.11079872025161144 0.5918543960841124 
0.7965521684076323 0.11383131982310761 0.5937567461784568 
0.7994342262039028 0.11463506763594085 0.5897149474465359 
0.8014207401089458 0.11500347580668506 0.58694036994878 
0.8055960891302686 0.12022292364616013 0.5801391124618177 
0.8114706141155005 0.12261978406660849 0.5713841360962612 
0.8173189207089817 0.12168578742248777 0.5631894450275807 
0.8215822170602856 0.12202067805442446 0.5568784559824923 
0.8254663235535344 0.12527033019288755 0.5503750476287751 
0.8286169056551549 0.12432136527653928 0.5458371751706304 
0.8310968697200919 0.15234479490363972 0.5348542386550119 
0.8308530018428996 0.15360244626227276 0.5348734222513662 
0.8289889870499734 0.15528253145798754 0.5372751574136458 
0.8289304358676091 0.15628977168417948 0.5370734025803576 
0.8298750303289245 0.15433989838282 0.5361777968209307 
0.8299641521820211 0.15129874649491998 0.5369061327660962 
0.8291727624805076 0.1513933141396208 0.538100914693764 
0.8297542916932455 0.14886121399461819 0.5379109167740408 
0.8299276575993731 0.14724209554275416 0.5380890711135062 
0.8311733869071477 0.1499705405544205 0.5354060495204698 
0.8337205037141306 0.14687783620725442 0.5322941131721551 
0.8366904475711989 0.14296970712934615 0.5286858781795252 
0.8374053423080416 0.1435824088639612 0.5273863712106844 
0.8371597908429717 0.1405469181353816 0.5285925164040808 
0.8367392725084323 0.13673218603053944 0.5302562579973663 
0.843575363662925 0.1319797497811014 0.5205400575063188 
0.8450369291266904 0.13156192928731797 0.5182702453106215 
0.8465071702441178 0.1302601934726726 0.5161955954110399 
0.84875217322783 0.12530295946983924 0.5137303930946032 
0.8503798872415635 0.12061129962011957 0.5121591176372545 
0.8528714449830679 0.1208094484488054 0.507952138983575 
0.8532505820837978 0.1261274708597759 0.5060190759923747 
0.8543077191161712 0.12714098653215933 0.5039776687534424 
0.8557496146847587 0.12423633946105103 0.5022528535749752 
0.854427459924756 0.12313265633067 0.5047693182746774 
0.8529347874388109 0.12238065244196131 0.5074694318720984 
0.8543986255684227 0.12143499496810523 0.5052291862352039 
0.8555436606470151 0.1182865244856592 0.5040370451185194 
0.8566668100989935 0.12137402234324775 0.50138839553288 
0.8590503872747729 0.11993524405820032 0.497642411130485 
0.8662134508804514 0.1876287047503797 0.4631087633239892 
0.8659175031560412 0.19178652359349765 0.4619575814898247 
0.865065828455045 0.1961995679214853 0.4616999480039056 
0.8629515668052443 0.20319113328557709 0.4626315561032309 
0.8624089401122089 0.20412251286762872 0.4632330080587319 
0.8625058280316014 0.20305079231522336 0.4635235402346701 
0.8561855200056055 0.2139969949106211 0.47026762752921264 
0.8552780597679599 0.2141083780523354 0.47186549241002157 
0.8545815586337356 0.21600434644694066 0.47226314905904426 
0.8532722392807526 0.21629572435875136 0.4744919865465939 
0.8532600677289499 0.21512677105506497 0.4750449759702857 
0.8517092952606125 0.21734186603196748 0.47681630596741675 
0.8522548832977478 0.21669873619813615 0.47613366991347406 
0.8527442262120437 0.21388627494654455 0.47652906107761556 
0.8513971610171549 0.21340137416904947 0.4791479184079694 
0.85088228985373 0.2141376937556316 0.4797336520677826 
0.8500617825204043 0.21525667031943282 0.48068652132260176 
0.8481559011450786 0.21231725666620052 0.48533797489431896 
0.8488864887550688 0.212053966497581 0.4841743947192307 
0.8483702712207897 0.21389652357962796 0.48426868586489624 
0.8484163346060815 0.2132632057021075 0.48446726232764387 
0.8474125985163805 0.2129783846652051 0.48634565438699606 
0.846134696428143 0.21285418526138628 0.48861965915952027 
0.8452579107273374 0.21165795434774304 0.4906526008431885 
0.8444995875847732 0.21278248590543652 0.4914713219111067 
0.8435630933074214 0.20910498621827595 0.4946477659388238 
0.8454951422611747 0.2057803553598388 0.492739697772297 
0.8476329515020153 0.20148751736062243 0.4908372030274753 
0.8475872322681135 0.19905733667147574 0.4919065565870594 
0.8491859192222236 0.19551281752641927 0.4905690703434004 
0.8478424524468205 0.1998700463953752 0.4911365801718208 
0.8471275570037181 0.19862686264458765 0.4928714554535294 
0.8455442763750826 0.2003820775763785 0.4948756406164202 
0.8452401273424003 0.1972510370461357 0.49664993256259166 
0.8452363978267381 0.1944560869311617 0.49775723203616123 
0.8443036894064869 0.19387085130170695 0.4995651840051965 
0.8430779018808005 0.19309756613164192 0.5019292592729613 
0.843904313634268 0.19264285920379756 0.5007137288184347 
0.8405121761042905 0.19242597777083648 0.5064696682915648 
0.8383434122275027 0.19101937720851705 0.5105799846308291 
0.8355650318313724 0.1873666435460928 0.5164540816635191 
0.8325691695246998 0.18727713543758495 0.5213020741367177 
0.8294678808500617 0.18507467877513567 0.5270013262928172 
0.8272862660228139 0.18581363468045164 0.5301610389465352 
0.8242486710465903 0.18585028276625995 0.5348586735518376 
0.82589201834978 0.17994269909190036 0.5343435215941598 
0.8278423988312628 0.17707745276218495 0.5322786285589123 
0.8293664060693717 0.17264349574839158 0.5313620120589624 
0.8259021175691 0.1711221000394674 0.5372177575927278 
0.8263923507523169 0.16971529337749325 0.5369100500194153 
0.8275379747445973 0.16787582977653626 0.5357225085176556 
0.8284701327645496 0.16312073555514334 0.5357507487153318 
0.830759001881504 0.157781440164292 0.533801927621594 
0.8336853097712613 0.1530418723951732 0.5306100164578273 
0.8409126784337796 0.14726688686674838 0.5207478576834504 
0.8465914321588214 0.14128365331618437 0.5131489806098304 
0.8468655454220804 0.13323518497751088 0.5148467087016976 
0.8494561412194808 0.12313252417104147 0.5130912644313655 
0.8518339400365997 0.11826930005925328 0.5102855193567782 
0.8553160991722168 0.11159455347695466 0.505945675078957 
0.8550931231555534 0.03090197614849252 0.5175527206016789 
0.8554891580174896 0.030853752721846227 0.5169007123786019 
0.8537606621819092 0.030850640835293066 0.5197508726984107 
0.8534694700219604 0.03293727581617709 0.5201009513567947 
0.8528697203799117 0.03457992985641494 0.520977416506912 
0.8491782855563101 0.03667723337792852 0.5268311113548502 
0.8472452427582765 0.0404761704641277 0.5296576047297236 
0.8502299472953819 0.04302270670484125 0.5246504392735046 
0.8507237873195805 0.0453034083752361 0.5236569858965081 
0.8534420769049481 0.044469184534302604 0.519287119997235 
0.8569327746253017 0.04446704811160317 0.5135064764978355 
0.8561364612792435 0.04517450343901245 0.5147714287985427 
0.8592835520328823 0.0474927511039697 0.5092899133090397 
0.8634762656119942 0.04533768917312738 0.5023477208719132 
0.8656624277525834 0.04449770586373486 0.4986466838858633 
0.8641877821395332 0.0484945724564981 0.5008270695988947 
0.8712209581970881 0.04893765992201312 0.4884456443039543 
0.8745929038114547 0.04904155578619258 0.4823714112680367 
0.874589976028515 0.047968494477832906 0.4824846084259807 
0.8736997746981934 0.04689294270545102 0.48420011938944135 
0.8735173439698711 0.04699802166410423 0.4845189735639693 
0.8754904394355287 0.04841434555794656 0.48080405738843374 
0.8755658789682677 0.04819768501472473 0.48068843833167696 
0.8783542904438912 0.04651858271214442 0.4757412762429406 
0.877416327385734 0.04496525634639097 0.47761774899875054 
0.8780532510039499 0.04398129912642731 0.47653765195265124 
0.8787091728685388 0.043324803600630894 0.47538736932069925 
0.877998010760706 0.04029875026268317 0.47696488741573945 
0.8766472263523151 0.03811390074876073 0.47962169581713704 
0.8747349088510803 0.03889272109378503 0.4830385031063397 
0.863192121009992 0.02037354666681791 0.5044643503980101 
0.8608494588559528 0.01683328330423773 0.5085812125517544 
0.8595334748051743 0.01616625932404672 0.5108237051555169 
0.8579604724028469 0.015113606714786789 0.5134933365549688 
0.8574268755296418 0.014108846653165655 0.5144123769560699 
0.8562331439846342 0.012336905300901913 0.516442256123359 
0.8552542431707393 0.013004809332214718 0.5180454173841117 
0.8519999175733916 0.011809195330546826 0.5234087154037266 
0.8493560579220042 0.011298452857763807 0.5276993763822484 
0.8471091181048697 0.012997396912644182 0.5312600207968649 
0.8492459068426794 0.013594409344205843 0.5278224907537923 
0.8512028441216297 0.01618867197734226 0.5245871186550985 
0.8532753856901205 0.013210292586208568 0.5212932038163962 
0.8573969122837007 0.012950087992431265 0.5144927890917075 
0.8591852190771787 0.014842049849966055 0.5114493844707917 
0.8623176889122707 0.018176947858209738 0.5060413045943583 
0.8660363750496108 0.017795922297305228 0.4996641894718071 
0.8696682043476974 0.015928636833158472 0.4933796640268923 
0.873251184599428 0.016624042707939837 0.48698666285611997 
0.8752433036736449 0.01575402696638281 0.4834262818763442 
0.876719909195939 0.01594553470846525 0.4807368726677055 
0.879300933172424 0.014608168512316196 0.47604250895778233 
0.8834995053527104 0.01331719340365218 0.4682427537094043 
0.8875006920163717 0.014652102362780322 0.46057337913389185 
0.8903744361679851 0.015300835979853222 0.45497170003953025 
0.8954166797302379 0.015068682495721573 0.4449740492081756 
0.8972701572697442 0.014831463328919789 0.4412326966223734 
0.9034404722480411 0.016088702372768517 0.42841156235586914 
0.9055622132328868 0.01584514907529627 0.4239174556627002 
0.9054416681553888 0.015967607698940612 0.4241702736783417 
0.9231909532875728 0.025185817974786202 0.38351549947938657 
0.9246442693533437 0.027660747903657853 0.3798260893849075 
0.9281328539457303 0.028366927170504055 0.37116670495810494 
0.9360350645655086 0.04444756667805112 0.34908848694886 
0.935433167083209 0.05052050658680129 0.3498749324185571 
0.9341493099051147 0.05840008251589856 0.35207172162207845 
0.9295426833746699 0.06250610653706805 0.36337774619560115 
0.9288921822376386 0.06866805071612876 0.3639285817143863 
0.9278150782661505 0.06941461220608 0.3665252953811735 
0.9254334862062584 0.0671318443112973 0.3729157788127161 
0.9235386730451152 0.061971986539324904 0.3784650476258511 
0.9232193610367126 0.06800137924995335 0.3782087040604279 
0.9266860637443298 0.07497272011160834 0.3682825416729745 
0.9214260285262368 0.0734398200589172 0.3815503463293938 
0.9149466296478692 0.06780660974364047 0.3978378169192547 
0.9120740042412313 0.06576184766965545 0.4047176672427821 
0.9075887630237802 0.06979234884880263 0.41401891898213 
0.9051915130253586 0.06421596363603582 0.42012454672532207 
0.9010120134577484 0.05943119450774482 0.4297037173730253 
0.8996891247365923 0.05585391929539373 0.4329432047394301 
0.8945658357596855 0.05579264061342971 0.44344012757637963 
0.8850763698065842 0.051965051021728347 0.4625358938312871 
0.8768164513734934 0.05099414924238161 0.4781134879333985 
0.8705585767241362 0.0505504476750757 0.4894613536653284 
0.8616694608655929 0.048385495939345234 0.5051579792444162 
0.861630957247117 0.0493521962963922 0.5051301359393826 
0.86383707759789 0.04765488202380254 0.5015122287506403 
0.8643813271762179 0.048849363379822396 0.5004584507493767 
0.8619162317793917 0.046623980961683076 0.50490257851837 
0.8657044971876209 0.04898741580589029 0.4981525435464417 
0.8490864787014678 0.07931923876638526 0.5222648849461957 
0.8499657939100291 0.07529120613605067 0.5214301328667846 
0.8522916668890655 0.07731627356295119 0.5173210882941048 
0.8493381120820157 0.07685276898175088 0.5222244950830965 
0.8473517842380189 0.0715891231863553 0.5261843319503677 
0.8423017786272827 0.07146067150198906 0.5342481503475709 
0.8316410869341339 0.06352447148571039 0.5516681466656143 
0.8291721081375423 0.05911872055751641 0.5558584279889857 
0.8272496005259588 0.057133682934526676 0.558922034548629 
0.8293310348655637 0.052238309613481394 0.5563103393049056 
0.8316223705884113 0.0512142393522778 0.5529749853514884 
0.837734214845399 0.04848681434793858 0.5439213308114983 
0.8394349066222001 0.04479667874590263 0.541610833641199 
0.832637436890635 0.044738770041386294 0.5520084611157495 
0.8370629429259872 0.0394492935040789 0.5456824926842664 
0.8380719252732138 0.03962100558776386 0.5441191266488095 
0.8385081879635768 0.035622576930983106 0.5437233218566546 
0.846147844216708 0.03297402975686173 0.5319271934099737 
0.8587373256875724 0.031708798657009034 0.511434020728662 
0.8702352913753878 0.02958116398116568 0.49174738675697416 
0.872157775053542 0.027550616918777988 0.48844833802670456 
0.8747655077327354 0.02718819587280898 0.4837831213325568 
0.8794651468985822 0.02432415553165136 0.4753413414046029 
0.8742864664983676 0.025109128291513717 0.48476046267640194 
0.8658854042882009 0.027520921370823015 0.4994848000966196 
0.8563531961105448 0.03060084116501123 0.5154830666775084 
0.8422179307029355 0.028041045093440527 0.538407519442785 
0.8238615538886287 0.02704783092306447 0.5661453478273679 
0.812929048318547 0.02685271203522299 0.5817433233448022 
0.7968623054389956 0.026934723130694723 0.60356025951045 
0.7738276208628838 0.026694437204259538 0.6328334853751316 
0.7532987499318315 0.026304230882628673 0.6571522508436025 
0.7464630372862034 0.026162578670485843 0.6649123652352743 
0.7100842142383316 0.032841377075455355 0.7033504479570045 
0.699027338655101 0.030597491969742156 0.7144400417795241 
0.6834745855526534 0.024099950125269866 0.7295763724981696 
0.6562421349316879 0.02484639498641107 0.7541411784251537 
0.6386737171518737 0.02517379418496154 0.7690657729386621 
0.6152298881269888 0.023402884485913863 0.7880003107569133 
0.5766346293945235 0.022470999992632135 0.8166930625041281 
0.5443806349243702 0.01991366448869207 0.8386019140724468 
0.5101728109708887 0.01671666152749574 0.859909446496221 
0.4762670856937543 0.01417236391957189 0.8791864462022314 
0.45026612814112865 0.01290754875252322 0.8928011027289325 
0.41667457848901723 0.015464238435889933 0.9089241733888465 
0.3956900259861181 0.012826256920133488 0.9182945553952304 
0.37672932370175305 0.01468704970788273 0.9262069462242756 
0.37259742289254905 0.012171731625334357 0.9279132553224313 
0.3571320518175383 0.015113496528680728 0.9339316247923468 
0.32692398742082335 0.013401018176677664 0.9449556175613212 
0.30706501347702764 0.012944897626972733 0.9516004976479256 
0.30203253542926717 0.014427827202459604 0.9531884311847183 
0.2882989308852757 0.01287481121950092 0.9574538974208989 
0.2766119734102375 0.012851905127456528 0.960895751213777 
0.2678616474227018 0.012452119269673094 0.963376916147408 
0.2616171061289727 0.011629055658345334 0.9651016810912708 
0.25165180604537996 0.009870600400951153 0.9677675029478017 
0.2442861666654515 0.0073609926435168355 0.9696752469580737 
0.2317530721695773 0.00597024762145338 0.9727563259538851 
0.2225137563289275 0.00525557656503065 0.9749153846151777 
0.25930882727179166 0.0108624431170271 0.9657333687040421 
0.24658056078382315 0.009706087760265195 0.9690736911628163 
0.2391283877641027 0.008534718509652286 0.9709504481410479 
0.22767757960657206 0.007680689432510865 0.9737062836165403 
0.21946755825261785 0.006268808764343134 0.9755996581135674 
0.2108631907537483 0.0056534844194715515 0.9774992342191718 
0.2036298974708645 0.005296697569018286 0.9790336101742716 
0.19616336823734343 0.00459120631374084 0.9805604794128535 
0.18990096427071554 0.004466756552066561 0.9817930901442303 
0.18249023564606762 0.003945859555601892 0.9831997478062178 
0.1740687938327855 0.003450879730202755 0.9847274477959305 
0.17324078878712384 0.003115676709210373 0.9848745715364261 
0.1696469488821679 0.0027412150899966533 0.9855010900424218 
0.1662010214981899 0.0024489904476808185 0.9860888514219929 
0.16418479872487857 0.00196689773418766 0.986427637072773 
0.16258720083088476 0.0014870434482193609 0.9866930580620098 
0.16070579438866364 0.0011332472631596054 0.9870017038488582 
0.1586457015739485 0.0010749120354842812 0.987334991751141 
0.1553938541570377 0.001027154843342081 0.9878520613144203 
0.1526656142205762 8.221755690226531E-4 0.9882775593232844 
0.1519523233770555 3.825813829102404E-4 0.9883877503549912 
0.16276588600488207 1.1339409642251782E-4 0.986664711791612 
0.15821044486853966 9.041242652677458E-5 0.987405411652221 
0.15525717115226237 1.3532985064481357E-4 0.9878740772444778 
0.15659783932837446 6.772774713257743E-5 0.9876624484765212 
0.1553820444838317 4.512656486860719E-4 0.9878543498974628 
0.15423692729565758 3.7195400473229314E-4 0.9880338212372148 
0.15709225988824302 2.936515031342525E-4 0.9875838879062374 
0.15740449898519152 2.4852152846807906E-4 0.9875341826672487 
0.15846535034542591 2.4871496808157023E-4 0.9873645076063683 
