52
100000000000000000000010000000000000000000000000000000000000000000000000000000000000000000000000000
100000000000000000000010000000000000000000000000000000000000000000000000000000000000000000000000000
100000000000000000000010000000000000000000000000000000000000000000000000000000000000000000000000000
100000000000000000000010000000000000000000000000000000000000000000000000000000000000000000000000000
100000000000000000000010000000000000000000000000000000000000000000000000000000000000000000000000000
100000000000000000000010000000000000000000000000000000000000000000000000000000000000000000000000000
100000000000000000000010000000000000000000000000000000000000000000000000000000000000000000000000000
100000000000000000000010000000000000000000000000000000000000000000000000000000000000000000000000000
100000000000000000000010000000000000000000000000000000000000000000000000000000000000000000000000000
100000000000000000000010000000000000000000000000000000000000000000000000000000000000000000000000000
100000000000000000000010000000000000000000000000000000000000000000000000000000000000000000000000000
100000000000000000000010000000000000000000000000000000000000000000000000000000000000000000000000000
100000000000000000000010000000000000000000000000000000000000000000000000000000000000000000000000000
100000000000000000000010000000000000000000000000000000000000000000000000000000000000000000000000000
100000000000000000000010000000000000000000000000000000000000000000000000000000000000000000000000000
100000000000000000000010000000000000000000000000000000000000000000000000000000000000000000000000000
100000000000000000000010000000000000000000000000000000000000000000000000000000000000000000000000000
100000000000000000000010000000000000000000000000000000000000000000000000000000000000000000000000000
100000000000000000000010000000000000000000000000000000000000000000000000000000000000000000000000000
100000000000000000000010000000000000000000000000000000000000000000000000000000000000000000000000000
100000000000000000000010000000000000000000000000000000000000000000000000000000000000000000000000000
100000000000000000000010000000000000000000000000000000000000000000000000000000000000000000000000000
100000000000000000000010000000000000000000000000000000000000000000000000000000000000000000000000000
100000000000000000000010000000000000000000000000000000000000000000000000000000000000000000000000000
100000000000000000000010000000000000000000000000000000000000000000000000000000000000000000000000000
100000000000000000000010000000000000000000000000000000000000000000000000000000000000000000000000000
100000000000000000000010000000000000000000000000000000000000000000000000000000000000000000000000000
100000000000000000000010000000000000000000000000000000000000000000000000000000000000000000000000000
100000000000000000000010000000000000000000000000000000000000000000000000000000000000000000000000000
100000000000000000000010000000000000000000000000000000000000000000000000000000000000000000000000000
100000000000000000000010000000000000000000000000000000000000000000000000000000000000000000000000000
100000000000000000000010000000000000000000000000000000000000000000000000000000000000000000000000000
100000000000000000000010000000000000000000000000000000000000000000000000000000000000000000000000000
100000000000000000000010000000000000000000000000000000000000000000000000000000000000000000000000000
100000000000000000000010000000000000000000000000000000000000000000000000000000000000000000000000000
100000000000000000000010000000000000000000000000000000000000000000000000000000000000000000000000000
100000000000000000000010000000000000000000000000000000000000000000000000000000000000000000000000000
100000000000000000000010000000000000000000000000000000000000000000000000000000000000000000000000000
100000000000000000000010000000000000000000000000000000000000000000000000000000000000000000000000000
100000000000000000000010000000000000000000000000000000000000000000000000000000000000000000000000000
100000000000000000000010000000000000000000000000000000000000000000000000000000000000000000000000000
100000000000000000000010000000000000000000000000000000000000000000000000000000000000000000000000000
100000000000000000000010000000000000000000000000000000000000000000000000000000000000000000000000000
100000000000000000000010000000000000000000000000000000000000000000000000000000000000000000000000000
100000000000000000000010000000000000000000000000000000000000000000000000000000000000000000000000000
100000000000000000000010000000000000000000000000000000000000000000000000000000000000000000000000000
100000000000000000000010000000000000000000000000000000000000000000000000000000000000000000000000000
100000000000000000000010000000000000000000000000000000000000000000000000000000000000000000000000000
100000000000000000000010000000000000000000000000000000000000000000000000000000000000000000000000000
100000000000000000000010000000000000000000000000000000000000000000000000000000000000000000000000000
100000000000000000000010000000000000000000000000000000000000000000000000000000000000000000000000000
100000000000000000000010000000000000000000000000000000000000000000000000000000000000000000000000000
100000000000000000000010000000000000000000000000000000000000000000000000000000000000000000000000000
100000000000000000000010000000000000000000000000000000000000000000000000000000000000000000000000000
100000000000000000000010000000000000000000000000000000000000000000000000000000000000000000000000000
100000000000000000000010000000000000000000000000000000000000000000000000000000000000000000000000000
100000000000000000000010000000000000000000000000000000000000000000000000000000000000000000000000000
100000000000000000000010000000000000000000000000000000000000000000000000000000000000000000000000000
100000000000000000000010000000000000000000000000000000000000000000000000000000000000000000000000000
100000000000000000000010000000000000000000000000000000000000000000000000000000000000000000000000000
100000000000000000000010000000000000000000000000000000000000000000000000000000000000000000000000000
100000000000000000000010000000000000000000000000000000000000000000000000000000000000000000000000000
100000000000000000000010000000000000000000000000000000000000000000000000000000000000000000000000000
000000101010001010101000000010101000101010100000001010100000101010000000101010000010101000000010101
000000101010001010101000000010101000101010100000001010100000101010000000101010000010101000000010101
001010101010001010101000100010101000101010100010001010100000101010001000101010000010101000100010101
001010101010001000101000100010101000101010100010001010100010101010001000101010000010101000100010101
001010101010001000101000101010101000101010100010101010100010101010001010001010000010101000101000101
000010001010001000101000001000101000101010100000100010100010101010000010001010000010101000001000101
000010001010001000101000001000101000101010100000100010100010101010000010101010000010101000001010101
000010101000101000101000001010100010100010100000101010101010101010000010101010100010101000001010101
000010101000101000101000001010101010100010100000101010101010101010000010101010100010101000001010101
000010101010101000101000001010101010100010100000101010101010101010000010101010100010101000001010101
000010101010101000101000001010101010100010100000101010101010101010000010101010100010101000001010101
000010101010101000101000001010101010100010100000101010101010101010000010101010100010101000001010101
000010101000101000101000001010101010100010100000101010101010101010000010101010100010101000001010101
000010101000101000101000001010101010100010100000101010101010101010000010101010100010101000001010101
000010101000101000101000001010101010100010100000101010101010101010000010101010100010101000001010101
000010101010101000101000001010101010100010100000101010101010101010000010101010100010101000001010101
000010101010101000101000001010101010100010100000101010101010101010000010101010100010101000001010101
000010101010101000101000001010101010100010100000101010101010101010000010101010101010101000001010100
000010101010101000101000001010101010100010100000101010101010101010000010101010101010101000001010100
000010101010101000101000001010101010100010100000101010101010101010000010101010101010101000001010100
000010101010101000101000001010101010100010100000101010101010101010000010101000101010101000001010100
000010101010101000101000001010101010100010100000101010101010101010000010101000101010101000001010100
000010101010101000101000001010101010100010100000101010101010101010000010101000100010101000001010100
000010101010101000101000001010101010100010100000101010101010101010000010101000100010101000001010100
000010101010101000101000001010101010100010100000101010001010101010000010101000100010101000001010100
000010101000101000101000001010100010100010100000101010001010001010000010101000101010101000001010100
000010101000101000101000001010100010100010100000101010001010001010000010101000101010101000001010101
000010101000101000101000001010100010100010100000101010001010001010000010101000101010101000001010100
000010101000101000101000001010100010100010100000101010001010001010000010101000101010101000001010100
000010101000101000101000001010100010100010100000101010001010001010000010101000101010101000001010100
000010101000101000101000001010100010100010100000101010001010001010000010101000101010101000001010100
000010101000101000101000001010100010100010100000101010001010001010000010101000101010101000001010100
000010101000101000101000001010100010100010100000101010001010001010000010101000101010101000001010100
000010101000101000101000001010100010100010100000101010001010001010000010101000101010101000001010100
000010101000101000101000001010100010100010100000101010001010001010000010101000101010101000001010100
000010101000101000101000001010100010100010100000101010001010001010000010101000101010101000001010100
000010101000101000101000001010100010100010100000101010001010001010000010101000101010101000001010100
000010101000101010101000001010100010100010100000101010001010001010000010101000101010101000001010100
000010101000101010101000001010100010100010100000101010001010001010000010101000101000101000001010100
000010101000101010101000001010100010100010100000101010001010001010000010101000101000101000001010100
000010101000101010101000001010100010100010100000101010001010001010000010101000101000101000001010100
000010101000101010101000001010100010100010100000101010001010001010000010101000101000101000001010100
000010101000101010101000001010100010100010100000101010001010001010000010101000101000101000001010100
000000101000101010101000001010100010100010100000101010001010001010000010101000101000101000001010100
000000101000101010101000001010100010100010100000101010001010001010000010101000101000101000001010100
000000101000101010101000001010100010101010100000101010001010001010000010101000101000101000001010100
000000101000101010101000001010100010101010100000101010001010001010000010101000101000101000001010100
000010101000101010101000001010100010101010100000101010001010001010000010101000101000101000001010100
000010101000101010101000001010100010101010100000101010001010001010000010101000101000101000001010101
000010101000101010101000001010100010101010100000101010001010101010000010101000101000101000001010101
000000101000101010101000000010100010101010100000101010001010101010000010101000101000101000001010100
000000101000101010101000000010100010101010100000001010001010101010000010101000101000101000001010100
000000101000101010101000000010100010101010100000001010001010101010000010101000101010101000001010100
000000101000101010101000000010100010101010100000001010001010101010000010101000101010101000001010100
000000101000101000101000000010100010101010100000101010001010101010000010101000101010101000001010100
000010101000001000101000000010100010101010100000101010001010101010000010101000101010101000001010100
000010101000001000101000001010100010101010100000001010001010101010000010101000101010101000001010100
000010101000101000101000001010100010101010100000001010001010101010000010101000101010101000001010100
000010101000101000101000000010100010101010100000001010001010101010000000101000101010101000001010100
000010101000101000101000000010100010101010100000001010001010101010000000101000101010101000001010100
000010101000101000101000000010100010101010100000001010001010101010000000101000101010101000001010100
000010101000101000101000000010100010101010100000001010001010101010000000101000101010101000001010100
000010101000101000101000000010100010101010100000001010001010101010000000101000101010101000001010100
000010101000101000101000000010100010101010100000001010001010101010000000101000101010101000001010100
000010101000101000101000000010100010101010100000001010001010101010000000101000101010101000001010100
001010101000101010100000101010100010101010000010101010001010101000001010101000101010101000101010100
001010101000101010100000101010100010101010000010101010001010101000001010101000101010101000101010100
001010100000101010100000101010000010101010000010101000001010101000001010101000101010100000101010100
001010101000101010101000101010100010101010100010101010001010101010001010101000101010101000101010100
001010101000101010100000101010100010101010000010101010001010101000001010101000101010100000101010100
001010101000101010101000101010100010101010100010101010001010101010001010101000101010101000101010100
001010101000101010100000101010100010101010000010101010001010101000001010101000101010100000101010100
001010101000101010100000101010100010101010000010101010001010101000001010101000101010100000101010100
001010101000101010100000101010100010101010000010101010001010101000001010101000101010100000101010100
001010101000101010101000101010100010101010100010101010001010101010001010101000101010101000101010100
001010101000101010101000101010100010101010100010101010001010101010001010101000101010101000101010100
001000101000101010100000101010100010101010000010101010001010101000001010101000101010100000101010100
001010101000101010100000101010100010101010000010101010001010101000001010101000101010100000101010100
001010101000101010100000101010100010101010000010101010001010101000101010101000101010100010101010100
101010101000101010100010101010100010101010001010101010001010101000101010101000101010100010101010100
001010101010001010001000101010101000101000100010101010100010100010001010101010101010001000101010101
001010101010001010001000101010101000101000100010101010100010100010001010101010101010001000101010101
001010101000001010001000101010101000101000100010101010100010100000001010101010101010000000101010101
001010101010001010000000101010101000101000000010101010100010100000001010101010101010000000101010101
001010101010001010000000101010101000101000000010101010100010100000001010101010101010000000101010101
001010101010001010000000101010101000101000000010101010100010100000001010101010101010000000101010101
001010101000001010000000101010100000101000000010101010000010100000001010101000101010100000101010100
001010101000001010000000101010100000101000000010101010000010101000001010101000101010000000101010100
001010101000001010000000101010100000101000000010101010000010101000001010101000101010100000101010100
001010101000001010000000101010100000101000000010101010000010101000001010101000101010000000101010100
001010101000001010000000101010100000101000000010101010000010101000001010101000101010000000101010100
001010101000001010000000101010100000101000000010101010000010100000001010100000101010100000101010100
001010101000001010000000101010100000101000000010101010000010101000001010100000101010100000101010100
001010101000001010000000101010100000101010000010101010000010101000001010100000001010100000101010000
001010101000001010000000101010100000101010000010101000000010101000001010100000001010100000101010000
001010100000001010100000101010000000101010000010101000000010101000001010100000001010100000101010000
001010100000101010000000101010000010101010000010101000001010101000001010100000101010100000101010000
001010000000101010000000101000000010101010000010100000001010101000001010100000101010100000101010000
001010000000101010000000101000000010101000000010100000001010101000001010000000101010100000101000000
001010100000101010100000101010000010101010000010101000001010101000001010100000101010101000101010000
001010100000101010000000101010000010101000000010101000001010101000001010100000101010101000101010000
000010101010101010101000001010101010101010100000101010101010101010000010101010101010101000001010101
000010101010101010101000001010101010101010100000101010101010101010000010101010101010101000001010101
000010101010101010101000001010101010101010100000101010101010101010000010101010101010101010001010101
000010101010101010101000001010101010101010100000101010101010101010000010101010101010101010001010101
000010101010101010101000001010101010101010100000101010101010101010000010101010101010101010001010101
000010101010101010101000001010101010101010100000101010101010101010000010101010101010101010001010101
000010101010101010101000001010101010101010100000101010101010101010000010101010101010101010001010101
000010101010101010101000001010101010101010100000101010101010101010000010101010101010101010001010101
000010101010101010101000001010101010101010100000101010101010101010000010101010101010101010001010101
000010101010101010101000001010101010101010100000101010101010101010000010101010101010101010001010101
000010101010101010101000001010101010101010100000101010101010101010000010101010101010101010001010101
000010101010101010101000001010101010101010100000101010101010101010000010101010101010101010001010101
000010101010101010101000001010101010101010100000101010101010101010000010101010101010101010001010101
000010101010101010101000001010101010101010100000101010101010101010000010101010101010101010001010101
000010101010101010101000001010101010101010100000101010101010101010000010101010101010101010001010101
000010101010101010101000001010101010101010100000101010101010101010000010101010101010101010001010101
000010101010101010101000001010101010101010100000101010101010101010000010101010101010101010001010101
000010101010101010101000001010101010101010100000101010101010101010000010101010101010101010001010101
000010101010101010101000001010101010101010100000101010101010101010000010101010101010101010001010101
000010101010101010101000001010101010101010100000101010101010101010000010101010101010101010001010101
000010101010101010101000001010101010101010100000101010101010101010000010101010101010101010001010101
000010101010101010101000001010101010101010100000101010101010101010000010101010101010101010001010101
000010101010101010101000001010101010101010100000101010101010101010000010101010101010101010001010101
000010101010101010101000001010101010101010100000101010101010101010100010101010101010101010001010101
000010101010101010101000001010101010101010100000101010101010101010100010101010101010101010001010101
000010101010101010101000001010101010101010100000101010101010101010100010101010101010101010001000101
000010101010101010101000001010101010101010100000101010101010101010100010001010101010101010001000101
000010101010101010101000001010101010101010100000100010101010101010100010001010101010101010001010101
000010101010101010101000001010101010101010100000100010101010101010000010001010101010101010001010101
000010101010101010101000001010101010101010100000100010101010101010000010001010101010101010001010101
000010101010101010101000001010101010101010100000101010101010101010000010001010101010101010001010101
000010101010101010101000001010101010101010100000101010101010101010100010001010101010101010001010101
000010101010101010101000001010101010101010100000101010101010101010100010101010101010101010001000101
000010101010101010101000001010101010101010100000101010101010101010100010101010101010101010001000101
000010101010101010101000001010101010101010100000101010101010101010100010101010101010101010001000101
000010101010101010101000001010101010101010100000101010101010101010100010101010101010101010001000101
000010101010101010101000001010101010101010100000101010101010101010100010101010101010101010001010101
000010101010101010101000001010101010101010100000101010101010101010100010101010101010101010001000101
000010101010101010101000001010101010101010100000101010101010101010100010101010101010101010001010101
000010101010101010101000001010101010101010100000101010101010101010100010101010101010101010001000101
000010101010101010101000001010101010101010100000101010101010101010100010101010101010101010001000101
000010101010101010101000001010101010101010100000101010101010101010100010101010101010101010001000101
000010101010101010101000001010101010101010100000101010101010101010100010101010101010101010001000101
000010101010101010101000001010101010101010100000101010101010101010100010101010101010101010001000101
000010101010101010101000001010101010101010100000101010101010101010100010101010101010101010001000101
000010101010101010101000001010101010101010100000101010101010101010100010101010101010101010001000101
000010101010101010101000001010101010101010101000101010101010101010000010101010101010101000001000101
000010101010101010101000001010101010101010101000101010101010101010000010101010101010101000001000101
000010101010101010101000001010101010101010100000101010101010101010000010101010101010101000001000101
000010101010101010101000001010101010101010100000101010101010101010000010101010101010101000001000101
000010101010101010101000001010101010101010100000101010101010101010100010101010101010101000001000101
000010101010101010101000001010101010101010100000101010101010101010000010101010101010101000001000101
000010101010101010101000001010101010101010100000101010101010101010000010101010101010101000001000101
000010101010101010101000001010101010101010100000101010101010101010000010101010101010101000001000101
000010101010101010101000001010101010101010100000101010101010101010000010001010101010101000001000101
000010101010101010101000001010101010101010100000101010101010101010000010001010101010101000001000101
000010101010101010101000001010101010101010100000101010101010101010000010001010101010101000001000101
000010101010101010101000001010101010101010100000101010101010101010000010001010101010101000001000101
000010101010101010101000001010101010101010100000101010101010101010000010001010101010101000001000101
000010101010101010101000001010101010101010100000101010101010101010000010001010101010101000001000101
000010101010101010101000001010101010101010100000101010101010101010000010101010101010101000001000101
000010101010101010101000001010101010101010100000101010101010101010000010101010101010101000001000101
000010101010101010101000001010101010101010100000101010101010101010000010101010101010101000001000101
000010101010101010101000001010101010101010100000101010101010101010000010101010101010101000001000101
000010101010101010101000001010101010101010100000101010101010101010000010101010101010101000001000101
000010101010101010101000001010101010101010100000101010101010101010000010101010101010101000001000101
000010101010101010101000001010101010101010100000101010101010101010000010101010101010101000001010101
000010101010101010101000001010101010101010100000101010101010101010000010101010101010101000001010101
000010101010101010101000001010101010101010100000101010101010101010000010101010101010101000001010101
000010101010101010101000001010101010101010100000101010101010101010000010101010101010101000001010101
000010101010101010101000001010101010101010100000101010101010101010000010101010101010101000001010101
000010101010101010101000001010101010101010100000101010101010101010000010101010101010101000001010101
000010101010101010101000001010101010101010100000101010101010101010000010101010101010101000001010101
000010101010101010101000001010101010101010100000101010101010101010000010101010101010101000001010101
000010101010101010101000001010101010101010100000101010101010101010000010101010101010101000001010101
000010101010101010101000001010101010101010100000101010101010101010000010101010101010101000001010101
000010101010101010101000001010101010101010100000101010101010101010000010101010101010101000001010101
000010101010101010101000001010101010101010100000101010101010101010000010101010101010101000001010101
000010101010101010101000001010101010101010100000101010101010101010000010101010101010101000001010101
000010101010101010101000001010101010101010100000101010101010101010000010101010101010101000001010101
000010101010101010101000001010101010101010100000101010101010101010000010101010101010101000001010101
000010101010101010101000001010101010101010100000101010101010101010000010101010101010101000001010101
000010101010101010101000001010101010101010100000101010101010101010000010101010101010101010001010101
000010101010101010101000001010101010101010100000101010101010101010000010101010101010101000001010101
000010101010101010101000001010101010101010100000101010101010101010000010101010101010101000001010101
000010101010101010101000001010101010101010100000101010101010101010000010101010101010101000001000101
000010101010101010101000001010101010101010100000101010101010101010000010101010101010101000001000101
101000101010101010101000101010101010101010100010101010101010101010101010101010101010101010101010101
101000101010101010101000101010101010101010100010101010101010101010101010101010101010101010101010101
101000101010101010101000101010101010101010100010101010101010101010101010101010101010101010101010101
101000101010101010101000101010101010101010100010101010101010101010101010101010101010101010101010101
101000101010101010101000101010101010101010100010101010101010101010101010101010101010101010101010101
101000101010101010101000101010101010101010100010101010101010101010101010101010101010101010101010101
101000101010101010101000101010101010101010100010101010101010101010101010101010101010101010101010101
101000101010101010101000101010101010101010100010101010101010101010101010101010101010101010101010101
101000101010101010101000101010101010101010100010101010101010101010101010101010101010101010101010101
101000101010101010101000101010101010101010100010101010101010101010101010101010101010101010101010101
101000101010101010101000101010101010101010100010101010101010101010101010101010101010101010101010101
101000101010101010101000101010101010101010100010101010101010101010101010101010101010101010101010101
101000101010101010101000101010101010101010100010101010101010101010101010101010101010101010101010101
101000101010101010101000101010101010101010100010101010101010101010101010101010101010101010101010101
101000101010101010101000101010101010101010100010101010101010101010101010101010101010101010101010101
101000101010101010101000101010101010101010100010101010101010101010101010101010101010101010101010101
101000101010101010101000101010101010101010100010101010101010101010101010101010101010101010101010101
101000101010101010101000101010101010101010100010101010101010101010101010101010101010101010101010101
101000101010101010101000101010101010101010100010101010101010101010101010101010101010101010101010101
101000101010101010101000101010101010101010100010101010101010101010101010101010101010101010101010101
101000101010101010101000101010101010101010100010101010101010101010101010101010101010101010101010101
101000101010101010101000101010101010101010100010101010101010101010101010101010101010101010101010101
101000101010101010101000101010101010101010100010101010101010101010101010101010101010101010101010101
101000101010101010101000101010101010101010100010101010101010101010101010101010101010101010101010101
101000101010101010101000101010101010101010100010101010101010101010101010101010101010101010101010101
101000101010101010101000101010101010101010100010101010101010101010101010101010101010101010101010101
101000101010101010101000101010101010101010100010101010101010101010101010101010101010101010101010101
101000101010101010101000101010101010101010100010101010101010101010101010101010101010101010101010101
101000101010101010101000101010101010101010100010101010101010101010101010101010101010101010101010101
101000101010101010101000101010101010101010100010101010101010101010101010101010101010101010101010101
101000101010101010101000101010101010101010100010101010101010101010101010101010101010101010101010101
101000101010101010101000101010101010101010100010101010101010101010101010101010101010101010101010101
101000101010101010101000101010101010101010100010101010101010101010101010101010101010101010101010101
101000101010101010101000101010101010101010100010101010101010101010101010101010101010101010101010101
101000101010101010101000101010101010101010100010101010101010101010101010101010101010101010101010101
101000101010101010101000101010101010101010100010101010101010101010101010101010101010101010101010101
101000101010101010101000101010101010101010100010101010101010101010101010101010101010101010101010101
101000101010101010101000101010101010101010100010101010101010101010101010101010101010101010101010101
101000101010101010101000101010101010101010100010101010101010101010101010101010101010101010101010101
101000101010101010101000101010101010101010100010101010101010101010101010101010101010101010101010101
101000101010101010101000101010101010101010100010101010101010101010101010101010101010101010101010101
101000101010101010101000101010101010101010100010101010101010101010101010101010101010101010101010101
101000101010101010101000101010101010101010100010101010101010101010101010101010101010101010101010101
101000101010101010101000101010101010101010100010101010101010101010101010101010101010101010101010101
101000101010101010101000101010101010101010100010101010101010101010101010101010101010101010101010101
101000101010101010101000101010101010101010100010101010101010101010101010101010101010101010101010101
101000101010101010101000101010101010101010100010101010101010101010101010101010101010101010101010101
101000101010101010101000101010101010101010100010101010101010101010101010101010101010101010101010101
101000101010101010101000101010101010101010100010101010101010101010101010101010101010101010101010101
101000101010101010101000101010101010101010100010101010101010101010101010101010101010101010101010101
101000101010101010101000101010101010101010100010101010101010101010101010101010101010101010101010101
101000101010101010101000101010101010101010100010101010101010101010101010101010101010101010101010101
101000101010101010101000101010101010101010100010101010101010101010101010101010101010101010101010101
101000101010101010101000101010101010101010100010101010101010101010101010101010101010101010101010101
001010101010001010101000101010101000101010100010101010100010101010001010101010001010101000101010101
001010101010001010101000101010101000101010100010101010100010101010001010101010001010101000101010101
001010101010000010101000101010101000001010100010101010100000101010001010101010000010101000101010101
001010101010000010101000101010101000001010100010101010100000101010001010101010000010101000101010101
001010101010000010101000101010101000001010100010101010100000101010001010101010001010101000101010101
001010101010000010101000101010101000001010100010101010100000101010001010101010001010101000101010101
001010101010001010101000101010101000101010100010101010100010101010001010101010001010101000101010101
001010101010001010101000101010101000101010100010101010100010101010001010101010001010101000101010101
001010101010001010101000101010101000101010100010101010100010101010001010101010001010101000101010101
001010101010001010101000101010101000101010100010101010100010101010001010101010001010101000101010101
001010101010001010101000101010101000101010100010101010100010101010001010101010001010101000101010101
001010101010001010101000101010101000101010100010101010100010101010001010101010001010001000101010101
001010101010001010001000101010101000101000100010101010100010100010001010101010001010001000101010101
001010101010001010001000101010101000101000100010101010100010100010001010101010001010001000101010101
001010101010001010001000101010101000101000100010101010100010100010001010101010001010001000101010101
001010101010001010101000101010101000101010100010101010100010101010001010101010001010101000101010101
001010101010001010101000101010101000101010100010101010100010101010001010101010001010101000101010101
001010101010001010101000101010101000101010100010101010100010101010001010101010001010101000101010101
001010101010001010101000101010101000101010100010101010100010101010001010101010001010101000101010101
001010101010001010101000101010101000101010100010101010100010101010001010101010001010101000101010101
001010101010001010101000101010101000101010100010101010100010101010001010101010001010101000101010101
001010101010001010101000101010101000101010100010101010100010101010001010101010001010101000101010101
001010101010001010101000101010101000101010100010101010100010101010001010101010001010101000101010101
001010101010001010101000101010101000101010100010101010100010101010001010101010001010101000101010101
001010101010101010101000101010101010101010100010101010101010101010001010101010101010101000101010101
001010101010100010101000101010101010101010100010101010101010101010001010101010101010101000101010101
001010101010101010101000101010101010101010100010101010101010101010001010101010101010101000101010101
001010101010001010101000101010101000101010100010101010100010101010001010101010001010101000101010101
001010101010001010101000101010101000101010100010101010100010101010001010101010001010101000101010101
001010101010001000101000101010101000100010100010101010100010101010001010101010001010101000101010101
001010101010001010101000101010101000101010100010101010100010101010001010101010001010101000101010101
001010001010000010101000101000101000001010100010100010100000101010001010001010001010101000101000101
001010101010000010101000101010101000001010100010101010100000101010001010101010000010101000101010101
001010101010000010101000101010101000001010100010101010100000101010001010101010000010101000101010101
001010101010001010101000101010101000101010100010101010100010101010001010101010001010101000101010101
001000101010001010101000101010101000101010100010101010100010101010001010101010001010101000101010101
001000101010001010101000100010101000101010100010001010100010101010001000101010001010101000100010101
001010101010001010101000101010101000101010100010001010100010101010001000101010001010101000100010101
001010101010001010101000101010101000101010100010101010100010101010001010101010001010101000101010101
001010101010001010101000101010101000101010100010101010100010101010001010101010001010101000101010101
001010101010001010101000101010101000101010100010101010100010101010001010101010001010101000101010101
001010101010001010101000101010101000101010100010101010100010101010001010101010001010101000101010101
001010101010001010101000101010101000101010100010101010100010101010001010101010001010101000101010101
001010101010001010001000101010101000101010100010101010100010101010001010101010001010101000101010101
001010101010001010101000101010101000101010100010101010100010101010001010101010001010101000101010101
001010101010001010101000101010101000101010100010101010100010101010001010101010001010101000101010101
001010101010001010101000101010101000101010100010101010100010101010001010101010001010101000101010101
001010101010001010101000101010101000101010100010101010100010101010001010101010001010101000101000101
001010001010001010101000101000101000101010100010100010100010101010001010001010001010101000101000101
001010001010001010101000101000101000101010100010100010100010101010001010001010001010101000101000101
001010001010001010101000101000101000101010100010100010100010101010001010101010001010101000101010101
001010001010001010101000101010101000101010100010101010100010101010001010101010001010101000101010101
001010001010001010101000101010101000101010100010101010100010101010001010101010001010101000101010101
001010101010001010101000101010101000101010100010101010100010101010001010101010001010101000101010101
001010101010001000101000101010101000100010100000101010100010001010000010101010001010101000001010101
001010101010001000101000001010101000101010100000101010100010101010000010101010001010101000001010101
001010101010001010101000001010101000101010100000101010100010101010000010101010001010101000001010101
001010101010001010101000101010101000101010100000101010100010101010000010101010001010101000001010101
001010101010001010101000101010101000101010100010101010100010101010001010101010001010101000101010101
001010100000001010101000101010000000101010100010101000000010100010001010100000001010001000101010000
001010101010001010101000101010101000101010100010101010100010101010001010101010001010101000101010101
001010101010001010101000101010101000101010100010101010100010101010001010101010001010101000101010101
001010101010001010101000101010101000101010100010101010100010101010001010101010001010101000101010101
001010101010001010101000101010101000101010100010101010100010101010001010101010001010101000101010101
001010101010001010101000101010101000101010100010101010100010101010001010101010001010101000101010101
001010101010001010101000101010101000101010100010101010100010101010001010101010001010101000101010101
001010101010001010101000101010101000101010100010101010100010101010001010101010001010101000101010101
001010100010001010101000101010001000101010100010101010100010101010001010100010001010101000101010001
001010100010001010101000101010001000101010100010101010100010101010001010100010001010101000101010001
001010101010001010101000101010101000101010100010101010100010101010001010101010001010101000101010001
001010101010001010101000101010101000101010100010101010100010101010001010101010001010101000101010101
001010101010000010101000101010101000101010100010101010100010101010001010101010001010101000101010101
001010101010000010101000101010101000001010100010101010100000101010001010101010000010101000101010101
001010101010001010101000101010101000101010100010101010100010101010001010101010001010101000101010101
001010101010001010101000101010101000101010100010101010100010101010001010101010001010101000101010001
001010101010001010101000101010101000101010100010101010100010101010001010101010001010101000101010101
001010101010001010101000101010101000101010100010101010100010101010001010101010001010101000101010101
001010101010001010101000101010101000101010100010101010100010101010001010101010001010101000101010101
001010101010001010101000101010101000101010100010101010100010101010001010101010001010101000101010101
001010101010001010101000101010101000101010100010101010100010101010001010101010001010101000101010101
001010101010001010101000101010101000101010100010101010100010101010001010101010001010101000101010101
001010101010001010101000101010101000101010100010101010100010101010001010101010001010101000101010101
001010101010001010101000101010101000101010100010101010100010101010001010101010001010101000101010101
001010101010001010101000101010101000101010100010101010100010101010001010101010001010101000101010101
001010101010001010101000101010101000101010100010101010100010101010001010101010001010101000101010101
001010101010001010101000101010101000101010100010101010100010101010001010101010001010101000101010101
001010101010001010101000101010101000101010100010101010100010101010001010101010001010101000101010101
001010101010001010101000101010101000101010100010101010100010101010001010101010001010101000101010101
001010101010001010101000101010101000101010100010101010100010101010001010101010001010101000101010101
001010101010001010101000101010101000101010100010101010100010101010001010101010001010101000101010101
100000000000000000000010000000000000000000001000000000000000000000100000000000000000000010000000000
000000000000000000000000000000000000000000000000000000000000000000000000000000000000000000000000000
000000000000000000000000000000000000000000000000000000000000000000000000000000000000000000000000000
000000000000000000000000000000000000000000000000000000000000000000000000000000000000000000000000000
000000000000000000000000000000000000000000000000000000000000000000000000000000000000000000000000000
000000000000000000000000000000000000000000000000000000000000000000000000000000000000000000000000000
000000000000000000000000000000000000000000000000000000000000000000000000000000000000000000000000000
000000000000000000000000000000000000000000000000000000000000000000000000000000000000000000000000000
000000000000000000000000000000000000000000000000000000000000000000000000000000000000000000000000000
000000000000000000000000000000000000000000000000000000000000000000000000000000000000000000000000000
000000000000000000000000000000000000000000000000000000000000000000000000000000000000000000000000000
000000000000000000000000000000000000000000000000000000000000000000000000000000000000000000000000000
000000000000000000000000000000000000000000000000000000000000000000000000000000000000000000000000000
000000000000000000000000000000000000000000000000000000000000000000000000000000000000000000000000000
000000000000000000000000000000000000000000000000000000000000000000000000000000000000000000000000000
000000000000000000000000000000000000000000000000000000000000000000000000000000000000000000000000000
000000000000000000000000000000000000000000000000000000000000000000000000000000000000000000000000000
000000000000000000000000000000000000000000000000000000000000000000000000000000000000000000000000000
000000000000000000000000000000000000000000000000000000000000000000000000000000000000000000000000000
000000000000000000000000000000000000000000000000000000000000000000000000000000000000000000000000000
000000000000000000000000000000000000000000000000000000000000000000000000000000000000000000000000000
000000000000000000000000000000000000000000000000000000000000000000000000000000000000000000000000000
000000000000000000000000000000000000000000000000000000000000000000000000000000000000000000000000000
000000000000000000000000000000000000000000000000000000000000000000000000000000000000000000000000000
000000000000000000000000000000000000000000000000000000000000000000000000000000000000000000000000000
000000000000000000000000000000000000000000000000000000000000000000000000000000000000000000000000000
000000000000000000000000000000000000000000000000000000000000000000000000000000000000000000000000000
000000000000000000000000000000000000000000000000000000000000000000000000000000000000000000000000000
100000000000000000000010000000000000000000000000000000000000000000000000000000000000000000000000000
100000000000000000000010000000000000000000000000000000000000000000000000000000000000000000000000000
100000000000000000000010000000000000000000000000000000000000000000000000000000000000000000000000000
100000000000000000000010000000000000000000000000000000000000000000000000000000000000000000000000000
100000000000000000000010000000000000000000000000000000000000000000000000000000000000000000000000000
100000000000000000000010000000000000000000000000000000000000000000000000000000000000000000000000000
100000000000000000000010000000000000000000000000000000000000000000000000000000000000000000000000000
100000000000000000000010000000000000000000000000000000000000000000000000000000000000000000000000000
100000000000000000000010000000000000000000000000000000000000000000000000000000000000000000000000000
100000000000000000000010000000000000000000000000000000000000000000000000000000000000000000000000000
100000000000000000000010000000000000000000000000000000000000000000000000000000000000000000000000000
100000000000000000000010000000000000000000000000000000000000000000000000000000000000000000000000000
100000000000000000000010000000000000000000000000000000000000000000000000000000000000000000000000000
100000000000000000000010000000000000000000000000000000000000000000000000000000000000000000000000000
100000000000000000000010000000000000000000000000000000000000000000000000000000000000000000000000000
100000000000000000000010000000000000000000000000000000000000000000000000000000000000000000000000000
100000000000000000000010000000000000000000000000000000000000000000000000000000000000000000000000000
100000000000000000000010000000000000000000000000000000000000000000000000000000000000000000000000000
100000000000000000000010000000000000000000000000000000000000000000000000000000000000000000000000000
100000000000000000000010000000000000000000000000000000000000000000000000000000000000000000000000000
100000000000000000000010000000000000000000000000000000000000000000000000000000000000000000000000000
100000000000000000000010000000000000000000000000000000000000000000000000000000000000000000000000000
100000000000000000000010000000000000000000000000000000000000000000000000000000000000000000000000000
100000000000000000000010000000000000000000000000000000000000000000000000000000000000000000000000000
100000000000000000000010000000000000000000000000000000000000000000000000000000000000000000000000000
100000000000000000000010000000000000000000000000000000000000000000000000000000000000000000000000000
100000000000000000000010000000000000000000000000000000000000000000000000000000000000000000000000000
100000000000000000000010000000000000000000000000000000000000000000000000000000000000000000000000000
100000000000000000000010000000000000000000000000000000000000000000000000000000000000000000000000000
100000000000000000000010000000000000000000000000000000000000000000000000000000000000000000000000000
100000000000000000000010000000000000000000000000000000000000000000000000000000000000000000000000000
100000000000000000000010000000000000000000000000000000000000000000000000000000000000000000000000000
100000000000000000000010000000000000000000000000000000000000000000000000000000000000000000000000000
100000000000000000000010000000000000000000000000000000000000000000000000000000000000000000000000000
100000000000000000000010000000000000000000000000000000000000000000000000000000000000000000000000000
100000000000000000000010000000000000000000000000000000000000000000000000000000000000000000000000000
100000000000000000000010000000000000000000000000000000000000000000000000000000000000000000000000000
100000000000000000000010000000000000000000000000000000000000000000000000000000000000000000000000000
100000000000000000000010000000000000000000000000000000000000000000000000000000000000000000000000000
100000000000000000000010000000000000000000000000000000000000000000000000000000000000000000000000000
100000000000000000000010000000000000000000000000000000000000000000000000000000000000000000000000000
100000000000000000000010000000000000000000000000000000000000000000000000000000000000000000000000000
100000000000000000000010000000000000000000000000000000000000000000000000000000000000000000000000000
100000000000000000000010000000000000000000000000000000000000000000000000000000000000000000000000000
100000000000000000000010000000000000000000000000000000000000000000000000000000000000000000000000000
100000000000000000000010000000000000000000000000000000000000000000000000000000000000000000000000000
100000000000000000000010000000000000000000000000000000000000000000000000000000000000000000000000000
100000000000000000000010000000000000000000000000000000000000000000000000000000000000000000000000000
100000000000000000000010000000000000000000000000000000000000000000000000000000000000000000000000000
100000000000000000000010000000000000000000000000000000000000000000000000000000000000000000000000000
100000000000000000000010000000000000000000000000000000000000000000000000000000000000000000000000000
100000000000000000000010000000000000000000000000000000000000000000000000000000000000000000000000000
100000000000000000000010000000000000000000000000000000000000000000000000000000000000000000000000000
100000000000000000000010000000000000000000000000000000000000000000000000000000000000000000000000000
100000000000000000000010000000000000000000000000000000000000000000000000000000000000000000000000000
100000000000000000000010000000000000000000000000000000000000000000000000000000000000000000000000000
100000000000000000000010000000000000000000000000000000000000000000000000000000000000000000000000000
100000000000000000000010000000000000000000000000000000000000000000000000000000000000000000000000000
100000000000000000000010000000000000000000000000000000000000000000000000000000000000000000000000000
100000000000000000000010000000000000000000000000000000000000000000000000000000000000000000000000000
100000000000000000000010000000000000000000000000000000000000000000000000000000000000000000000000000
100000000000000000000010000000000000000000000000000000000000000000000000000000000000000000000000000
100000000000000000000010000000000000000000000000000000000000000000000000000000000000000000000000000
101010100000101010100010101010000010101010101010101000001010101010101010100000101010100010101010100
101010100000101010100010101010000010101010101010101000001010101010101010100000101010100010101010100
101010100000101010101010101010000010101010101010101000001010101010101010100000101010100010101010100
101010100000101010101010101010000010101010101010101000001010101010101010100000101010100010101010100
101010100000101010101010101010000010101010101010101000001010101010101010100000101010100010101010100
101010100000101010101010101010000010101010101010101000001010101010101010100000101010100010101010100
101010100000101010101010101010000010101010101010101000001010101010101010100000101010100010101010100
101010100000101010101010101010000010101010101010101000001010101010101010100000101010100010101010100
101010100000101010101010101010000010101010101010101000001010101000101010101000101010100010101010100
101010100000101010101010101010000010101010101010101000001010101000101010101000101010100010101010100
101010100000101010101010101010000010101010101010101000001010101000101010101000101010100010101010100
101010100000101010101010101010100010101010001010101010001010101000101010101000101010100010101010100
101010100000101010101010101010000010101010001010101000001010101000101010101000101010100010101010100
101010101000101010100010101010100010101010001010101010001010101000101010101000101010100010101010100
101010101000101010100010101010100010101010001010101010001010101000101010101000101010100010101010100
101010101000101010100010101010100010101010001010101010001010101000101010101000101010101010101010100
101010101000101010100010101010100010101010001010101010001010101010101010101000101010101010101010100
001010101000101010100000101010100010101010100010101010001010101010001010101000101010101000101010100
001010101000101010101000101010100010101010100010101010001010101010001010101000101010101000101010100
001010101000101010101000101010100010101010100010101010001010101010001010101000101010100000101010100
001010101000101010101000101010100010101010000010101010001010101000001010101000101010100000101010100
001010101000101010100000101010100010101010000010101010001010101000001010101000101010100000101010100
001010101000101010100000101010100010101010000010101010001010101000001010101000101010100000101010100
001010101000101010100000101010100010101010000010101010001010101000001010101000101010100000101010100
001010101000101010100000101010100010101010000010101010001010101000001010101000101010100000101010100
001010101000101010100000101010100010101010000010101010001010101000001010101000101010100000101010100
001010101000101010100000101010100010101010000010101010001010101000001010101000101010100000101010100
001010101000101010100000101010100010101010000010101010001010101000001010101000101010100000101010100
001010101000101010100000101010100010101010000010101010001010101000001010101000101010100000101010100
001010101000101010100000101010100010101010000010101010001010101000001010101000101010100000101010100
001010101000101010100000101010100010101010000010101010001010101000001010101000101010100000101010100
101010101000101010100010101010100010101010001010101010001010101000101010101000101010100010101010100
101010101000101010100010101010100010101010001010101010001010101000101010101000101010100010101010100
101010101000101010100010101010100010101010001010101010001010101000101010101000101010100010101010100
101010101000101010100010101010100010101010001010101010001010101000101010101000101010100010101010100
101010101000101010100010101010100010101010001010101010001010101000101010101000101010100010101010100
101010101000101010100010101010100010101010001010101010001010101000101010101000101010100010101010100
101010101000101010100010101010100010101010001010101010001010101000101010101000101010100010101010100
101010101000101010100010101010100010101010001010101010001010101000101010101000101010100010101010100
101010101000101010100010101010100010101010001010101010001010101000101010101000101010100010101010100
101010101000101010100010101010100010101010001010101010001010101000101010101000101010100010101010100
101010101000101010100010101010100010101010001010101010001010101000101010101000101010100010101010100
101010101000101010100010101010100010101010001010101010001010101000101010101000101010100010101010100
101010101000101010100010101010100010101010001010101010001010101000101010101000101010100010101010100
101010101000101010100010101010100010101010001010101010001010101000101010101000101010100010101010100
101010101000101010100010101010100010101010001010101010001010101000101010101000101010100010101010100
101010101000101010100010101010100010101010001010101010001010101000101010101000101010100010101010100
101010101000101010100010101010100010101010001010101010001010101000101010101000101010100010101010100
101010101000101010100010101010100010101010001010101010001010101000101010101000101010100010101010100
101010101000101010100010101010100010101010001010101010001010101000101010101000101010100010101010100
101010101000101010100010101010100010101010001010101010001010101000101010101000101010100010101010100
101010101000101010100010101010100010101010001010101010001010101000101010101000101010100010101010100
101010101000101010100010101010100010101010001010101010001010101000101010101000101010100010101010100
101010101000101010100010101010100010101010001010101010001010101000101010101000101010100010101010100
101010101000101010100010101010100010101010001010101010001010101000101010101000101010100010101010100
101010101000101010100010101010100010101010001010101010001010101000101010101000101010100010101010100
001010101000101010100000101010100010101010000010101010001010101000001010101000101010100000101010100
001010101000101010100000101010100010101010000010101010001010101000001010101000101010100000101010100
001010101000101010100000101010100010101010000010101010001010101000001010101000101010100000101010100
001010101000101010100000101010100010101010000010101010001010101000001010101000101010100000101010100
001010101000101010100000101010100010101010000010101010001010101000001010101000101010100000101010100
001010101000101010100000101010100010101010000010101010001010101000001010101000101010100000101010100
001010101000101010100000101010100010101010000010101010001010101000001010101000101010100000101010100
101010101000101000100010101010100010100010001010101010001010001000101010101000101000100010101010101
101010101000101000100010101010100010100010001010101010001010001000101010101000101000100010101010101
101010101000101000100010101010100010100010001010101010001010001000101010101000101000100010101000101
101010101000101000100010101010100010100010001010101010001010001000101010101000101000100010101000101
101010101000101000100010101010100010100010001010101010001010001000101010101000101000100010101000101
101010101000101000100010101010100010100010001010101010001010001000101010101000101000100010101000101
101010101000101000100010101010100010100010001010101010001010001000101010101000101000100010101000101
101010101000101000100010101010100010100010001010101010001010001000101010101000101000100010101000101
101010101000101000100010101010100010100010001010101010001010001000101010101000101000100010101000101
101010101000101000100010101010100010100010001010101010001010001000101010101000101000100010101000101
101010101000101000100010101010100010100010001010101010001010001000101010101000101000100010101000101
101010101000101000100010101010100010100010001010101010001010001000101010101000101000100010101000101
101010101000101000100010101010100010100010001010101010001010001000101010101000101000100010101000101
101010101000101000100010101010100010100010001010101010001010001000101010101000101000100010101000101
101010101000101000100010101010100010100010001010101010001010001000101010101000101000100010101000101
101010101000101000100010101010100010100010001010101010001010001000101010101000101000100010101010101
101010101000101000100010101010100010100010001010101010001010001000101010101000101000100010101010101
101010101000101000100010101010100010100010001010101010001010001000101010101000101000100010101010101
101010101000101000100010101010100010100010001010101010001010001000101010101000101000100010101010101
101010101000101000100010101010100010100010001010101010001010001000101010101000101000100010101010101
101010101000101000100010101010100010100010001010101010001010001000101010101000101000100010101010101
101010101000101000100010101010100010100010001010101010001010001000101010101000101000100010101010101
101010101000101000100010101010100010100010001010101010001010001000101010101000101000100010101010101
101010101000101000100010101010100010100010001010101010001010001000101010101000101000100010101010101
101010101000101000100010101010100010100010001010101010001010001000101010101000101000100010101010101
101010101000101000100010101010100010100010001010101010001010001000101010101000101000100010101010101
101010101000101000100010101010100010100010001010101010001010001000101010101000101000100010101010101
101010101000101000100010101010100010100010001010101010001010001000101010101000101000100010101010101
101010101000101000100010101010100010100010001010101010001010001000101010101000101000100010101010101
101010101000101000100010101010100010100010001010101010001010001000101010101000101000100010101010101
101010101000101000100010101010100010100010001010101010001010001000101010101000101000100010101010101
101010101000101000100010101010100010100010001010101010001010001000101010101000101000100010101010101
101010101000101000100010101010100010100010001010101010001010001000101010101000101000100010101010101
101010101000101000100010101010100010100010001010101010001010001000101010101000101000100010101010101
101010101000101000100010101010100010100010001010101010001010001000101010101000101000100010101010101
101010101000101000100010101010100010100010001010101010001010001000101010101000101000100010101010101
101010101000101000100010101010100010100010001010101010001010001000101010101000101000100010101010101
101010101000101000100010101010100010100010001010101010001010001000101010101000101000100010101010101
101010101000101000100010101010100010100010001010101010001010001000101010101000101000100010101010101
101010101000101000100010101010100010100010001010101010001010001000101010101000101000100010101010101
101010101000101000100010101010100010100010001010101010001010001000101010101000101000100010101010101
101010101000101000100010101010100010100010001010101010001010001000101010101000101000100010101010101
101010101000101000100010101010100010100010001010101010001010001000101010101000101000100010101010101
101010101000101000100010101010100010100010001010101010001010001000101010101000101000100010101010101
101010101000101000100010101010100010100010001010101010001010001000101010101000101000100010101010101
101010101000101000100010101010100010100010001010101010001010001000101010101000101000100010101010101
101010101000101000100010101010100010100010001010101010001010001000101010101000101000100010101010101
101010101000101000100010101010100010100010001010101010001010001000101010101000101000100010101010101
101010101000101000100010101010100010100010001010101010001010001000101010101000101000100010101010101
101010101000101000100010101010100010100010001010101010001010001000101010101000101000100010101010101
101010101000101000100010101010100010100010001010101010001010001000101010101000101000100010101010101
1.0 0.0 0.0 
1.0 0.0 0.0 
1.0 0.0 0.0 
1.0 0.0 0.0 
1.0 0.0 0.0 
1.0 0.0 0.0 
1.0 0.0 0.0 
1.0 0.0 0.0 
1.0 0.0 0.0 
1.0 0.0 0.0 
1.0 0.0 0.0 
1.0 0.0 0.0 
1.0 0.0 0.0 
1.0 0.0 0.0 
1.0 0.0 0.0 
1.0 0.0 0.0 
1.0 0.0 0.0 
1.0 0.0 0.0 
1.0 0.0 0.0 
1.0 0.0 0.0 
1.0 0.0 0.0 
1.0 0.0 0.0 
1.0 0.0 0.0 
1.0 0.0 0.0 
1.0 0.0 0.0 
1.0 0.0 0.0 
1.0 0.0 0.0 
1.0 0.0 0.0 
1.0 0.0 0.0 
1.0 0.0 0.0 
1.0 0.0 0.0 
1.0 0.0 0.0 
1.0 0.0 0.0 
1.0 0.0 0.0 
1.0 0.0 0.0 
1.0 0.0 0.0 
1.0 0.0 0.0 
1.0 0.0 0.0 
1.0 0.0 0.0 
1.0 0.0 0.0 
1.0 0.0 0.0 
1.0 0.0 0.0 
1.0 0.0 0.0 
1.0 0.0 0.0 
1.0 0.0 0.0 
1.0 0.0 0.0 
1.0 0.0 0.0 
1.0 0.0 0.0 
1.0 0.0 0.0 
1.0 0.0 0.0 
1.0 0.0 0.0 
1.0 0.0 0.0 
1.0 0.0 0.0 
1.0 0.0 0.0 
1.0 0.0 0.0 
1.0 0.0 0.0 
1.0 0.0 0.0 
1.0 0.0 0.0 
1.0 0.0 0.0 
1.0 0.0 0.0 
1.0 0.0 0.0 
1.0 0.0 0.0 
1.0 0.0 0.0 
0.9995506446231914 0.01605901782479862 0.02531040852821522 
0.9995566079038826 0.014940503245129381 0.02575594996241397 
0.9995649883742576 0.014027830937195925 0.02594328382390767 
0.9995595995538552 0.013679673613526098 0.026333884437432547 
0.9995550020907982 0.011226581565160734 0.027636238195988743 
0.9995322502011065 0.010152163699016045 0.02884812611143207 
0.9995520962787606 0.010011592742548139 0.02820239059889583 
0.9995082885648938 0.00890186429265458 0.030065560067826458 
0.9994861176626495 0.01005343783995932 0.03043729599097888 
0.9994570635473394 0.010579199813517489 0.031203503915986534 
0.9994641466200704 0.010535591731724327 0.03099065871963355 
0.9994936000316219 0.010329861499787995 0.03009713370444685 
0.9994686887972869 0.012292551153312374 0.03018664108468097 
0.9994739917974409 0.012228432705540181 0.03003673008259996 
0.9994697100100894 0.012550935041162573 0.030046177825813432 
0.9994698987399486 0.01284073673869998 0.02991716886278378 
0.999447599362382 0.013201940408960623 0.030499260617427342 
0.9994432146484824 0.012840944375161435 0.030795630220238922 
0.999433938781933 0.01260612206556701 0.03119114773937437 
0.9994189188066682 0.013068136094442679 0.03148092359394111 
0.9993990357945671 0.013065386602890043 0.03210705414401055 
0.9994048968749272 0.013083912863177857 0.03191650555127953 
0.9994027004579675 0.01294982109366827 0.03203973237972022 
0.999411217686974 0.01294659501445397 0.031774260636110184 
0.9993785505405928 0.013125027286063906 0.032714620250338396 
0.9993960373210352 0.012589031621547314 0.03238945615232795 
0.9993706531563116 0.013408556424712104 0.032840648966371795 
0.9993977021864238 0.01367851839308323 0.03189249126465675 
0.9994068056033308 0.013259623920781482 0.031783947005136655 
0.9994306593918794 0.012845808448469729 0.03119843381996134 
0.9994431532660879 0.01258189972562173 0.03090435549940121 
0.9994474107911557 0.012238425400453539 0.03090459523391839 
0.9994526030919395 0.01209152061350878 0.030794306324369723 
0.9994496164283192 0.011502459331310184 0.03111523181043425 
0.999462441702188 0.011653201818736185 0.030643604782602557 
0.999464978969788 0.01152813884763919 0.03060813335750191 
0.9994694562914616 0.01150586690355059 0.030470001103509867 
0.9994746748985435 0.011628129086477262 0.030251625582752243 
0.9994828907871559 0.011428705283205644 0.03005554390291367 
0.9995073257197834 0.01077959384030428 0.029477214745037582 
0.9995151893610984 0.010900744301171116 0.029164361987328934 
0.9995148145466974 0.010880230824508777 0.02918486043972854 
0.99953404396608 0.01120353911842447 0.028393232715494772 
0.9995302525863446 0.011194624012310524 0.028529888851886617 
0.9995315157864124 0.010884637160107563 0.028605482404764793 
0.999556961531452 0.009721624471010364 0.02813131123242894 
0.999534162222608 0.009574376265770646 0.028979128162706872 
0.9995472812793171 0.00871582232598817 0.02879699512635763 
0.9995541192546451 0.008405285682413846 0.028651594260490996 
0.9995201275797244 0.008455674734284994 0.029799599457026166 
0.9995346081833939 0.008029910426591524 0.02942936598382652 
0.9995472921598207 0.008324873339316459 0.028912060110869324 
0.9995711090572278 0.008010055189869338 0.02816801295723184 
0.999581563941673 0.008089394560280029 0.027771545213890653 
0.9995275496791745 0.007877384426654156 0.029708992694809956 
0.999526789049981 0.007856998126839904 0.029739965566046356 
0.9995394375175812 0.008213823268485706 0.02921379732851205 
0.999460677320962 0.006863091018899514 0.032113119916791014 
0.999471571521095 0.006500711337866387 0.03184836688520052 
0.9994869844067845 0.006220130469915402 0.03141779715972072 
0.9994957176377053 0.006197947351122531 0.031143151294006778 
0.9994956094598255 0.0061671375618229845 0.031152737998860383 
0.9994969545243872 0.0060230372430977895 0.03113777318375682 
0.9994981111927844 0.005807112448164946 0.031141662882236666 
0.9994977826481927 0.005807169940407457 0.03115219508524916 
0.981556931866486 0.19117001888406465 1.1569233774150608E-4 
0.9808602351195487 0.19471306178520703 1.507695397705457E-4 
0.981312629761317 0.19241991813775203 3.1268960515915163E-4 
0.9806675966290449 0.19568087672839457 2.4373062937700388E-4 
0.9798916105393202 0.19953018043797008 3.7240978559434487E-4 
0.9787901966788344 0.20486387952402016 7.360378905054616E-4 
0.9780834316370934 0.20821317990273627 2.692058652966965E-4 
0.9783694763147591 0.2068649499313702 2.4557173253582674E-4 
0.9790092812306367 0.20381534868184603 3.6180930018537633E-4 
0.9789459746103428 0.20411925916429913 3.268522965000787E-4 
0.9811539466383392 0.19322615678588956 7.650684712861425E-4 
0.9824526324328062 0.18651214955160875 2.075945270794557E-4 
0.979413129987344 0.2018659990065302 1.98124934074881E-4 
0.9722682845409638 0.23386681744778118 8.334102337394839E-4 
0.9689833097876681 0.24712607857377447 2.1596685994697967E-4 
0.7977815989842587 0.6024240162359678 0.02509631415658146 
0.817704228909685 0.5750587026104818 0.025831813238081258 
0.8376984420003015 0.5454246497457977 0.027807763663071368 
0.8501506046904844 0.5256361958755303 0.030830811372790656 
0.8558549694767791 0.5163831595689728 0.029337752733744595 
0.8686314158576937 0.4945867742561701 0.029383432677867676 
0.8775238325251901 0.4786915793606571 0.02839533763669271 
0.8791949174317745 0.4755346653395023 0.029716648912402197 
0.8809992265281302 0.472207402763723 0.02933481944678031 
0.886045451852064 0.462832630059198 0.026634823159866487 
0.8918630123068408 0.4513539271214785 0.029325752351594996 
0.898551372348686 0.43795325495943715 0.028326272623260245 
0.8966273390025786 0.44187538389738956 0.02838238993970478 
0.8998441279282962 0.43503657268132817 0.03199571631714835 
0.9054508104458551 0.4231437630181535 0.033289422971585 
0.9142386953739698 0.40384228293892893 0.032848415358668864 
0.9186980634827366 0.3932373637117417 0.03685436112740305 
0.9246705726573473 0.3792193494739436 0.034307682027387196 
0.9284423537033594 0.36980643150723874 0.035185210893895195 
0.9335605972989618 0.35657982310252984 0.03626900780245157 
0.9335614579127663 0.3572058313909169 0.029444835202700175 
0.9958687410078084 0.09079307287094673 0.0014382635967261927 
0.9962313181300084 0.08672322580592487 0.0014976257077623637 
0.9962847039132443 0.086112006595409 0.0012292553076554166 
0.9959693900677421 0.0896586051712579 0.002511686054121196 
0.9960850522979011 0.08833079504696263 0.003498461813304558 
0.9961564743562968 0.08753861964997439 0.0030444486873123593 
0.9963332816746788 0.08553075178007657 0.0021171507504006955 
0.9961627002799968 0.0875098176391062 0.0013807199700886373 
0.9965696519301421 0.08273999967177405 0.001738190481569683 
0.9964703113154673 0.08393126469431623 0.0015689084321038257 
0.9966261542942281 0.08206782715255082 0.0010864267838494722 
0.996729483861297 0.08080555369930854 8.93584322109257E-4 
0.996724613040439 0.08086525258005696 9.255725528831676E-4 
0.9968997017719926 0.0786754982126511 0.001072654605761037 
0.9972866610292657 0.07360794434880734 0.001089156481529544 
0.9974855038324927 0.07086705980477603 7.27652846209754E-4 
0.9976470486222957 0.06855686311954028 5.682380059025596E-4 
0.9977167109895805 0.0675368733207052 3.6790514649411395E-4 
0.9977859806824426 0.06650506136506554 4.621324542108155E-4 
0.9977607421485859 0.06688165050577377 5.884324317868549E-4 
0.9977385306367751 0.0672097616180486 8.200158620691054E-4 
0.9977347665096936 0.06726561681906239 8.200559724737208E-4 
0.997644748624707 0.06858123203361391 0.0012530579781974598 
0.9976944717182139 0.06785627133632949 0.0011258522302662823 
0.9975726351530851 0.06962480352041361 0.001106493774730351 
0.9977509720801417 0.06702206911205959 0.0010197867770776125 
0.9977454834678161 0.06710509900400474 9.251525477600528E-4 
0.9973785106474072 0.072351272778945 0.0011831424370334122 
0.9973296066762142 0.07302122864779319 0.0012473226665372895 
0.9971660543848945 0.07516513634476314 0.003172106671430371 
0.9962081933925439 0.08689496064208495 0.004301305915007538 
0.9954979457549495 0.09471376046299611 0.003625407099062052 
0.9956800102178105 0.09281014776641616 0.0027556712860360173 
0.995631985029756 0.09332097819573412 0.002854017221219797 
0.9961544143039839 0.08752933430587365 0.0038727895188651047 
0.9966980724321542 0.0811567008647347 0.0025577949057828406 
0.9969004452375162 0.07859398769628252 0.0035337491759433633 
0.9965529526922278 0.08280003278197694 0.00513488575392105 
0.9974252718294566 0.07155635577963523 0.004745004054066989 
0.9971414637123572 0.07527041854037733 0.006577646869054467 
0.9977546443594578 0.06677935263796247 0.005117393905737368 
0.9978037287437579 0.06602880277405741 0.005283569747612644 
0.9979946978062274 0.06316408836642905 0.004108660547541799 
0.9982343743923473 0.059270264135123485 0.0038948133294940714 
0.998313526332911 0.05792280625938024 0.003879646348118807 
0.9981798196321666 0.0601852189572998 0.0038453996095628527 
0.9978810574691112 0.06490685600802978 0.004527161084096156 
0.9975561497826398 0.06970785116199886 0.004748001391343672 
0.9976749929650758 0.06802569342119442 0.004136840183231185 
0.9976816261096354 0.06791580729943408 0.004337746200476675 
0.9978832432987436 0.06487909641685558 0.004442475853953116 
0.9980432596006401 0.062340927516324834 0.004822937085790174 
0.9977949675077059 0.06606571344932786 0.006365871717792378 
0.9976988442904011 0.06748165986484864 0.006575840895493631 
0.9976318997336704 0.06848775151505537 0.006326177850788248 
0.997606279742301 0.06887231152120911 0.006189937354418087 
0.9979140094744327 0.06414438175567656 0.007288894555693554 
0.9980969032192138 0.061105609788165954 0.008287112683661314 
0.9982164901067825 0.0591569171945915 0.00801860504876058 
0.9983580794083752 0.05683765833668539 0.007115186211395535 
0.9977791612462868 0.0663736930944535 0.0055926959205183395 
0.9978132921388089 0.06587124339631556 0.005441812614873331 
0.9977300737153498 0.0670919509538255 0.005776687733628608 
0.9979010050784539 0.06452309408100594 0.0055094821558148745 
0.9978002939735149 0.06600637865993612 0.006142582727867418 
0.9977213321358054 0.06722449404600972 0.005745502711866346 
0.99768403968415 0.06774958889733884 0.006045673143413075 
0.9976326011544618 0.06850904763209696 0.00597524111024001 
0.9978666929858052 0.06503678679711429 0.005681495637543696 
0.9977944564573612 0.06612145251662323 0.005846039689468443 
0.9978636710447831 0.0650821903723827 0.005692319857642802 
0.9975199543735953 0.07007297143875105 0.00661205718702263 
0.9977723891185364 0.0662573728488039 0.007760158236959001 
0.9979033734439537 0.06422354229774803 0.0080121085805376 
0.9978162471657502 0.06566637128907155 0.007117905154202994 
0.9979912624235638 0.06299322196541997 0.006730090091272924 
0.9978075643949715 0.06582072568101957 0.006906265778178533 
0.9976863551485405 0.06763634691856248 0.006874687333395717 
0.9976122558732926 0.06875121169268947 0.006561845943575657 
0.99756997585751 0.06941181858539577 0.0060118805972102455 
0.9976468317501423 0.06827880490802514 0.006229277585320137 
0.9976835462208484 0.06772665017528114 0.006375143624054718 
0.9977869997599017 0.06609862099069162 0.007216329625422376 
0.9979688530742943 0.06328480137154692 0.0072939844352282596 
0.9980973338605585 0.061231674358776945 0.007238383498082223 
0.9982546528275769 0.05859736126447025 0.007348289660539086 
0.9981118213027675 0.060974915850908994 0.007406200959116619 
0.9782921739640279 0.20597880643548042 0.022741012733628184 
0.9790743710008493 0.20214627963121515 0.023457571923579956 
0.9793111642672312 0.20102193840693391 0.023234108992580303 
0.9787356557026888 0.20389682284110694 0.022418784345498027 
0.9789151737870306 0.20312739179549685 0.02154867123203149 
0.9788242691837148 0.20356048404242852 0.021591187864010212 
0.9788671947221467 0.20338355261109878 0.021310692717116473 
0.9789708852504356 0.20286169326846296 0.021520669976344255 
0.9781759756237186 0.2067846607032833 0.020294452700540713 
0.9782375609531068 0.2065170825235948 0.02004916373466677 
0.9783854349489103 0.2057926618588196 0.02028105038929652 
0.9780544086768321 0.20724749971974543 0.021402044942628356 
0.9780566087474072 0.20729745869064858 0.02080946193249982 
0.9784243257103791 0.20549158013941357 0.021425436984969234 
0.9786976081923663 0.2040375397791597 0.02279636110016605 
0.9790348565166251 0.20219469644699098 0.024658760191470307 
0.979226177089999 0.20139261971715708 0.023603110497699132 
0.9799577032681536 0.19781637120143356 0.02348580614120291 
0.9799210841189101 0.19818349372361163 0.02186256423027598 
0.9792491421570202 0.20151628808579386 0.021501237658871485 
0.9796100234635846 0.19959103603665013 0.022969986144791826 
0.9801312666350006 0.1969288141134457 0.02370110411650456 
0.9808551067982675 0.19334799184948026 0.023233887223894415 
0.9812847925188921 0.19088937604855183 0.025325917218322717 
0.9806508866265823 0.1938396682182966 0.027386521931759333 
0.9808115640372963 0.19242176860849938 0.03134547521237628 
0.9799101336822031 0.19567542306216032 0.03856499340556716 
0.9799047268886714 0.19485452148305227 0.042643190298676116 
0.9802633175776204 0.19209389855960682 0.046730743070153506 
0.9797857340842768 0.19310748507453265 0.05224379860924993 
0.980427751240907 0.188793851472128 0.05584179655973267 
0.9802206760430043 0.18947028129943796 0.057170261168788 
0.9800441721020678 0.1902041083522442 0.05775653984355498 
0.9798919566192739 0.19065952182429147 0.058827715326907386 
0.9792889026316239 0.19481984075111503 0.05512236236102376 
0.980702538878136 0.18790597840923076 0.05398030674280963 
0.9814622382066294 0.18484271510054767 0.05064627971224904 
0.9819707122148523 0.1838174128214144 0.04409851580152748 
0.983857882826821 0.17464897882787103 0.03900513548120596 
0.98374063900792 0.17699364849173205 0.03045658480319787 
0.9815273730731876 0.18969824623477236 0.024871495401349676 
0.9806526728645827 0.19461524758065674 0.02110072540623457 
0.9802610506909093 0.19675558302375143 0.01937815902861083 
0.982338993141196 0.18625784905157597 0.0178358128780774 
0.9844331471874727 0.17508425324120447 0.015391003396062723 
0.9833063293005343 0.18135215177139208 0.014834412876661632 
0.9828506473514206 0.18380081003619086 0.014895208321258839 
0.9810291269909509 0.19331865208049423 0.01448277435968519 
0.9807739417542936 0.1946674520696804 0.013676925109258095 
0.9823917800904727 0.18635990957326687 0.013280606707373518 
0.9843022516562724 0.17593455836107136 0.014003876559255729 
0.9834271034882598 0.18084440743085048 0.012900869182976426 
0.9847654069421148 0.17342340091291275 0.012705011055891044 
0.9840537998682888 0.17742916300215422 0.012530406263842496 
1.0 0.0 0.0 
1.0 0.0 0.0 
1.0 0.0 0.0 
1.0 0.0 0.0 
1.0 0.0 0.0 
1.0 0.0 0.0 
1.0 0.0 0.0 
1.0 0.0 0.0 
1.0 0.0 0.0 
1.0 0.0 0.0 
1.0 0.0 0.0 
1.0 0.0 0.0 
1.0 0.0 0.0 
1.0 0.0 0.0 
1.0 0.0 0.0 
1.0 0.0 0.0 
1.0 0.0 0.0 
1.0 0.0 0.0 
1.0 0.0 0.0 
1.0 0.0 0.0 
1.0 0.0 0.0 
1.0 0.0 0.0 
1.0 0.0 0.0 
1.0 0.0 0.0 
1.0 0.0 0.0 
1.0 0.0 0.0 
1.0 0.0 0.0 
1.0 0.0 0.0 
1.0 0.0 0.0 
1.0 0.0 0.0 
1.0 0.0 0.0 
1.0 0.0 0.0 
1.0 0.0 0.0 
1.0 0.0 0.0 
1.0 0.0 0.0 
1.0 0.0 0.0 
1.0 0.0 0.0 
1.0 0.0 0.0 
1.0 0.0 0.0 
1.0 0.0 0.0 
1.0 0.0 0.0 
1.0 0.0 0.0 
1.0 0.0 0.0 
1.0 0.0 0.0 
1.0 0.0 0.0 
1.0 0.0 0.0 
1.0 0.0 0.0 
1.0 0.0 0.0 
1.0 0.0 0.0 
1.0 0.0 0.0 
1.0 0.0 0.0 
1.0 0.0 0.0 
1.0 0.0 0.0 
1.0 0.0 0.0 
1.0 0.0 0.0 
1.0 0.0 0.0 
1.0 0.0 0.0 
1.0 0.0 0.0 
1.0 0.0 0.0 
1.0 0.0 0.0 
1.0 0.0 0.0 
1.0 0.0 0.0 
1.0 0.0 0.0 
1.0 0.0 0.0 
1.0 0.0 0.0 
1.0 0.0 0.0 
1.0 0.0 0.0 
1.0 0.0 0.0 
1.0 0.0 0.0 
1.0 0.0 0.0 
1.0 0.0 0.0 
1.0 0.0 0.0 
1.0 0.0 0.0 
1.0 0.0 0.0 
1.0 0.0 0.0 
1.0 0.0 0.0 
1.0 0.0 0.0 
1.0 0.0 0.0 
1.0 0.0 0.0 
1.0 0.0 0.0 
1.0 0.0 0.0 
1.0 0.0 0.0 
1.0 0.0 0.0 
1.0 0.0 0.0 
1.0 0.0 0.0 
1.0 0.0 0.0 
1.0 0.0 0.0 
1.0 0.0 0.0 
1.0 0.0 0.0 
1.0 0.0 0.0 
1.0 0.0 0.0 
1.0 0.0 0.0 
1.0 0.0 0.0 
1.0 0.0 0.0 
1.0 0.0 0.0 
1.0 0.0 0.0 
1.0 0.0 0.0 
1.0 0.0 0.0 
1.0 0.0 0.0 
1.0 0.0 0.0 
1.0 0.0 0.0 
1.0 0.0 0.0 
1.0 0.0 0.0 
1.0 0.0 0.0 
1.0 0.0 0.0 
1.0 0.0 0.0 
1.0 0.0 0.0 
1.0 0.0 0.0 
1.0 0.0 0.0 
1.0 0.0 0.0 
1.0 0.0 0.0 
1.0 0.0 0.0 
1.0 0.0 0.0 
1.0 0.0 0.0 
1.0 0.0 0.0 
1.0 0.0 0.0 
1.0 0.0 0.0 
1.0 0.0 0.0 
1.0 0.0 0.0 
1.0 0.0 0.0 
1.0 0.0 0.0 
1.0 0.0 0.0 
1.0 0.0 0.0 
1.0 0.0 0.0 
1.0 0.0 0.0 
1.0 0.0 0.0 
1.0 0.0 0.0 
1.0 0.0 0.0 
1.0 0.0 0.0 
1.0 0.0 0.0 
1.0 0.0 0.0 
1.0 0.0 0.0 
1.0 0.0 0.0 
1.0 0.0 0.0 
1.0 0.0 0.0 
1.0 0.0 0.0 
1.0 0.0 0.0 
1.0 0.0 0.0 
1.0 0.0 0.0 
1.0 0.0 0.0 
1.0 0.0 0.0 
1.0 0.0 0.0 
1.0 0.0 0.0 
1.0 0.0 0.0 
1.0 0.0 0.0 
1.0 0.0 0.0 
1.0 0.0 0.0 
1.0 0.0 0.0 
1.0 0.0 0.0 
1.0 0.0 0.0 
1.0 0.0 0.0 
1.0 0.0 0.0 
1.0 0.0 0.0 
1.0 0.0 0.0 
1.0 0.0 0.0 
1.0 0.0 0.0 
1.0 0.0 0.0 
1.0 0.0 0.0 
1.0 0.0 0.0 
1.0 0.0 0.0 
1.0 0.0 0.0 
1.0 0.0 0.0 
1.0 0.0 0.0 
1.0 0.0 0.0 
1.0 0.0 0.0 
1.0 0.0 0.0 
1.0 0.0 0.0 
1.0 0.0 0.0 
1.0 0.0 0.0 
1.0 0.0 0.0 
1.0 0.0 0.0 
1.0 0.0 0.0 
1.0 0.0 0.0 
1.0 0.0 0.0 
1.0 0.0 0.0 
1.0 0.0 0.0 
1.0 0.0 0.0 
1.0 0.0 0.0 
1.0 0.0 0.0 
1.0 0.0 0.0 
1.0 0.0 0.0 
0.9997273850300654 0.006983363699965328 0.022279772269511475 
0.9997047200630027 0.007010409537414853 0.023266431653159437 
0.9997040759051579 0.006837059530350808 0.023345561368122075 
0.999686145602102 0.007189353008785423 0.023998406083074394 
0.9996505971739471 0.006697860547629036 0.025569947865720578 
0.9996459929505023 0.006668310999812396 0.02575698752599292 
0.9996387856015587 0.006946392091092395 0.025962395073598994 
0.9996137802997919 0.006778459256420218 0.02695074627665422 
0.9996248339811492 0.006796287286737949 0.02653303162618534 
0.9997077961941543 0.006591122847405002 0.02325681251241518 
0.9997039654413 0.006786056508767463 0.023365164625995756 
0.9996657826927278 0.006346567723427703 0.025060805882252984 
0.9996936981665248 0.0061458036946149056 0.023973713585605252 
0.9997063441541968 0.005398552266535717 0.023623739993411934 
0.9997015255901563 0.005124488874235198 0.023887221405840903 
0.9996557610057976 0.005184514705834656 0.025719259226983687 
0.9996422104063543 0.004799128558035306 0.026313865907193586 
0.9996565703758391 0.0047048161348704305 0.02577995363750817 
0.99962572948768 0.004607929577681528 0.026966051457911103 
0.9995959389751454 0.004306102086569169 0.02809655262158607 
0.9995829668145972 0.00505447192924906 0.02843140460202596 
0.9995624911630681 0.005098820081632479 0.029134657946447987 
0.9995628287595327 0.004883774442055715 0.0291599058544454 
0.9995958682807483 0.005410325627964419 0.02790749886063003 
0.9996407748123298 0.006301326295941182 0.026050232619246338 
0.9996338194263492 0.00615970647416499 0.026349289843204955 
0.9996314071674598 0.006109096175319071 0.02645238643913158 
0.9996184061489306 0.0062961350109056345 0.02689611072619883 
0.9996579341454893 0.005990787139429543 0.025458302563653896 
0.9996311686615871 0.004943985630382449 0.02670362609002866 
0.9996230211646955 0.004424595929939278 0.02709683576404193 
0.9996151526882461 0.004119544710083437 0.02743311625455563 
0.9996211471673899 0.005027466547556994 0.027060796659826008 
0.9995220889415191 0.0048285598095160805 0.03053323972571374 
0.9995545851283265 0.005909692587528986 0.02925246797212102 
0.9995424839475103 0.006897342813406082 0.029449099241831596 
0.9995856879646813 0.006528705967030616 0.028032631245937707 
0.9996071159898157 0.0063293366270002396 0.027304819361889925 
0.9996239100410818 0.006991089657126071 0.026517223451664778 
0.9996317228292819 0.008228890274940384 0.025859313181225294 
0.9996194561615994 0.00680782787088697 0.026731934888228327 
0.9996053867196885 0.006411647375659611 0.027348886977575097 
0.9996407626548901 0.006935655144193047 0.025889038732068614 
0.9996539699709548 0.007495062567729745 0.025214368094699527 
0.9996308210766099 0.007440004275870448 0.026131741045660038 
0.9996409739493304 0.0072222211519970166 0.02580237824824886 
0.9996372517022861 0.007745570793635494 0.025794789050909782 
0.9996232668458225 0.006479284948471729 0.026671018860218533 
0.999599494581277 0.0052459848540151195 0.027808812915458787 
0.999578493105142 0.005352044923919956 0.028534045222956113 
0.9995409226155895 0.0053380431378006275 0.02982363680430867 
0.9995710211384348 0.00539432251471305 0.028786715423506505 
0.999577104984961 0.005526356069341747 0.028549440948628955 
0.999564240178085 0.005836096943714933 0.028935613518139076 
0.9995824022538196 0.004788589518385625 0.02849720187856296 
0.9995693198226848 0.004187200506014671 0.029045519811795203 
0.9995440628781228 0.003209087182324731 0.030022793416860264 
0.9995316622011963 0.004427672049679703 0.03027956369458377 
0.9995599515326381 0.00490470218806438 0.02925486606560646 
0.9995349393432434 0.004754928456419603 0.030121349363413447 
0.9995520388939533 0.005643611871275702 0.029391685694889737 
0.9995503589180821 0.005664418081191141 0.029444767863489082 
0.9995361717689001 0.004816205815561122 0.030070674869615736 
0.0038161078368253764 0.5431730265806786 0.8396121131309165 
0.003113074869282063 0.5383298371543153 0.8427284824866588 
0.003141638081607229 0.5397880596041499 0.8417950943186535 
0.003154812066132015 0.5391587478214706 0.8421982497063333 
0.003125813229241241 0.5371757808889074 0.843464527836262 
0.0032951063835603813 0.5431593203042312 0.8396231863404957 
0.0032431189842442995 0.5466092313318082 0.8373815321596862 
0.0033310224641009425 0.5371410240676873 0.8434858769136919 
0.0034017506217699227 0.539730770338411 0.8418308165199302 
0.0030599761238417145 0.5403863192273685 0.8414114704102972 
0.0030473169950032265 0.5416981748830624 0.8405675470701277 
0.0030453635312089624 0.539220533765856 0.8421590952582703 
0.003169772739120167 0.5407058454770716 0.8412057662710757 
0.0032493499079552725 0.5376445351902464 0.8431653429222762 
0.00327404547554108 0.5345561331628218 0.8451266302301895 
0.003151848694227712 0.5355823237858024 0.8444771401867599 
0.0035050610040151843 0.5329738481552894 0.8461244540431985 
0.0036260952221417436 0.5308957835575572 0.8474293589640658 
0.003598219910187423 0.5303421777473591 0.847776047854424 
0.0043765739687067415 0.5295109134662421 0.8482918354672774 
0.0037310345410709314 0.5265796961231898 0.8501175818744502 
0.003177432957768159 0.5334950847246702 0.8457971970244497 
0.0031188833078861 0.5289026828753224 0.8486767491891115 
0.0030231312531506524 0.528653055759286 0.8488326144263046 
0.002990150419858498 0.5218220230437605 0.8530491400071768 
0.0030045055775247457 0.522688805154271 0.85251826133675 
0.003089351673151445 0.5262785427346537 0.8503066219684102 
0.003099573745087258 0.5223325545339589 0.8527362400629093 
0.0030404148368338595 0.5330678891952029 0.8460670076220859 
0.003035174877709726 0.5267321424545578 0.850025904204509 
0.0031303159891332717 0.5263286083989648 0.8502754830657046 
0.0031278299292846297 0.5234763368171881 0.8520344719976953 
0.0031107425381782993 0.51954833998998 0.8544353958577074 
0.0031122512337091244 0.5212545144876846 0.8533955970231312 
0.003114236456990639 0.5235181076345488 0.8520088570607884 
0.0030645971983913564 0.5292763668101764 0.8484439496986417 
0.0031076197731470735 0.5317300990790071 0.8469081676502919 
0.0031051468072634306 0.5288010536509845 0.8487401273186711 
0.0030932351157502754 0.5308645534775297 0.8474510356106845 
0.0031098354673246625 0.5343870340978638 0.8452341845379034 
0.0031755012184405684 0.5312354591999783 0.847218273575706 
0.0031339659936935782 0.5305804427323229 0.8476287937812889 
0.003051880911989615 0.5304005531417666 0.8477416701152581 
0.0029988704990330335 0.5323813009556098 0.846499354499779 
0.0033386860140199115 0.5304013756640121 0.8477400744741416 
0.0029984591135988246 0.5318721293140024 0.8468193711187371 
0.002996244346426585 0.5291503708714186 0.848522779615525 
0.002995565382271192 0.5283224199886569 0.8490385427796372 
0.0029941998392956563 0.5266661417328363 0.8500669443753064 
0.002993751215558175 0.5261245602142077 0.850402248699441 
0.003007008611861948 0.5256686457496584 0.8506840969331262 
